!-----------------
  \START
!-----------------
  \INPUT
!-----------------      
        \GLOBAL
   	  PROJECT:  PATCH_TEST2_MFS
	  NUMNP:         216
	  NMAT:            1
	  NBGROUP:         1
	  NEGROUP:         1
	\END
	\NODE  !N  ID(3,N)   X    Y    Z   NDOF(3,N)  KN
1	0	0	0	0	0	0	1	1	1	0
2	0	0	0	0	0	2	1	1	1	0
3	0	0	0	0	0	4	1	1	1	0
4	0	0	0	0	0	6	1	1	1	0
5	0	0	0	0	0	8	1	1	1	0
6	0	0	0	0	0	10	1	1	1	0
7	0	0	0	0	2	0	4	4	4	0
8	0	0	0	0	2	2	4	4	4	0
9	0	0	0	0	2	4	4	4	4	0
10	0	0	0	0	2	6	4	4	4	0
11	0	0	0	0	2	8	4	4	4	0
12	0	0	0	0	2	10	4	4	4	0
13	0	0	0	0	4	0	4	4	4	0
14	0	0	0	0	4	2	4	4	4	0
15	0	0	0	0	4	4	4	4	4	0
16	0	0	0	0	4	6	4	4	4	0
17	0	0	0	0	4	8	4	4	4	0
18	0	0	0	0	4	10	4	4	4	0
19	0	0	0	0	6	0	4	4	4	0
20	0	0	0	0	6	2	4	4	4	0
21	0	0	0	0	6	4	4	4	4	0
22	0	0	0	0	6	6	4	4	4	0
23	0	0	0	0	6	8	4	4	4	0
24	0	0	0	0	6	10	4	4	4	0
25	0	0	0	0	8	0	4	4	4	0
26	0	0	0	0	8	2	4	4	4	0
27	0	0	0	0	8	4	4	4	4	0
28	0	0	0	0	8	6	4	4	4	0
29	0	0	0	0	8	8	4	4	4	0
30	0	0	0	0	8	10	4	4	4	0
31	0	0	0	0	10	0	4	4	4	0
32	0	0	0	0	10	2	4	4	4	0
33	0	0	0	0	10	4	4	4	4	0
34	0	0	0	0	10	6	4	4	4	0
35	0	0	0	0	10	8	4	4	4	0
36	0	0	0	0	10	10	4	4	4	0
37	0	0	0	2	0	0	1	1	1	0
38	0	0	0	2	0	2	1	1	1	0
39	0	0	0	2	0	4	1	1	1	0
40	0	0	0	2	0	6	1	1	1	0
41	0	0	0	2	0	8	1	1	1	0
42	0	0	0	2	0	10	1	1	1	0
43	0	0	0	2	2	0	4	4	4	0
44	0	0	0	2	2	2	4	4	4	0
45	0	0	0	2	2	4	4	4	4	0
46	0	0	0	2	2	6	4	4	4	0
47	0	0	0	2	2	8	4	4	4	0
48	0	0	0	2	2	10	4	4	4	0
49	0	0	0	2	4	0	4	4	4	0
50	0	0	0	2	4	2	4	4	4	0
51	0	0	0	2	4	4	4	4	4	0
52	0	0	0	2	4	6	4	4	4	0
53	0	0	0	2	4	8	4	4	4	0
54	0	0	0	2	4	10	4	4	4	0
55	0	0	0	2	6	0	4	4	4	0
56	0	0	0	2	6	2	4	4	4	0
57	0	0	0	2	6	4	4	4	4	0
58	0	0	0	2	6	6	4	4	4	0
59	0	0	0	2	6	8	4	4	4	0
60	0	0	0	2	6	10	4	4	4	0
61	0	0	0	2	8	0	4	4	4	0
62	0	0	0	2	8	2	4	4	4	0
63	0	0	0	2	8	4	4	4	4	0
64	0	0	0	2	8	6	4	4	4	0
65	0	0	0	2	8	8	4	4	4	0
66	0	0	0	2	8	10	4	4	4	0
67	0	0	0	2	10	0	4	4	4	0
68	0	0	0	2	10	2	4	4	4	0
69	0	0	0	2	10	4	4	4	4	0
70	0	0	0	2	10	6	4	4	4	0
71	0	0	0	2	10	8	4	4	4	0
72	0	0	0	2	10	10	4	4	4	0
73	0	0	0	4	0	0	1	1	1	0
74	0	0	0	4	0	2	1	1	1	0
75	0	0	0	4	0	4	1	1	1	0
76	0	0	0	4	0	6	1	1	1	0
77	0	0	0	4	0	8	1	1	1	0
78	0	0	0	4	0	10	1	1	1	0
79	0	0	0	4	2	0	4	4	4	0
80	0	0	0	4	2	2	4	4	4	0
81	0	0	0	4	2	4	4	4	4	0
82	0	0	0	4	2	6	4	4	4	0
83	0	0	0	4	2	8	4	4	4	0
84	0	0	0	4	2	10	4	4	4	0
85	0	0	0	4	4	0	4	4	4	0
86	0	0	0	4	4	2	4	4	4	0
87	0	0	0	4	4	4	4	4	4	0
88	0	0	0	4	4	6	4	4	4	0
89	0	0	0	4	4	8	4	4	4	0
90	0	0	0	4	4	10	4	4	4	0
91	0	0	0	4	6	0	4	4	4	0
92	0	0	0	4	6	2	4	4	4	0
93	0	0	0	4	6	4	4	4	4	0
94	0	0	0	4	6	6	4	4	4	0
95	0	0	0	4	6	8	4	4	4	0
96	0	0	0	4	6	10	4	4	4	0
97	0	0	0	4	8	0	4	4	4	0
98	0	0	0	4	8	2	4	4	4	0
99	0	0	0	4	8	4	4	4	4	0
100	0	0	0	4	8	6	4	4	4	0
101	0	0	0	4	8	8	4	4	4	0
102	0	0	0	4	8	10	4	4	4	0
103	0	0	0	4	10	0	4	4	4	0
104	0	0	0	4	10	2	4	4	4	0
105	0	0	0	4	10	4	4	4	4	0
106	0	0	0	4	10	6	4	4	4	0
107	0	0	0	4	10	8	4	4	4	0
108	0	0	0	4	10	10	4	4	4	0
109	0	0	0	6	0	0	1	1	1	0
110	0	0	0	6	0	2	1	1	1	0
111	0	0	0	6	0	4	1	1	1	0
112	0	0	0	6	0	6	1	1	1	0
113	0	0	0	6	0	8	1	1	1	0
114	0	0	0	6	0	10	1	1	1	0
115	0	0	0	6	2	0	4	4	4	0
116	0	0	0	6	2	2	4	4	4	0
117	0	0	0	6	2	4	4	4	4	0
118	0	0	0	6	2	6	4	4	4	0
119	0	0	0	6	2	8	4	4	4	0
120	0	0	0	6	2	10	4	4	4	0
121	0	0	0	6	4	0	4	4	4	0
122	0	0	0	6	4	2	4	4	4	0
123	0	0	0	6	4	4	4	4	4	0
124	0	0	0	6	4	6	4	4	4	0
125	0	0	0	6	4	8	4	4	4	0
126	0	0	0	6	4	10	4	4	4	0
127	0	0	0	6	6	0	4	4	4	0
128	0	0	0	6	6	2	4	4	4	0
129	0	0	0	6	6	4	4	4	4	0
130	0	0	0	6	6	6	4	4	4	0
131	0	0	0	6	6	8	4	4	4	0
132	0	0	0	6	6	10	4	4	4	0
133	0	0	0	6	8	0	4	4	4	0
134	0	0	0	6	8	2	4	4	4	0
135	0	0	0	6	8	4	4	4	4	0
136	0	0	0	6	8	6	4	4	4	0
137	0	0	0	6	8	8	4	4	4	0
138	0	0	0	6	8	10	4	4	4	0
139	0	0	0	6	10	0	4	4	4	0
140	0	0	0	6	10	2	4	4	4	0
141	0	0	0	6	10	4	4	4	4	0
142	0	0	0	6	10	6	4	4	4	0
143	0	0	0	6	10	8	4	4	4	0
144	0	0	0	6	10	10	4	4	4	0
145	0	0	0	8	0	0	1	1	1	0
146	0	0	0	8	0	2	1	1	1	0
147	0	0	0	8	0	4	1	1	1	0
148	0	0	0	8	0	6	1	1	1	0
149	0	0	0	8	0	8	1	1	1	0
150	0	0	0	8	0	10	1	1	1	0
151	0	0	0	8	2	0	4	4	4	0
152	0	0	0	8	2	2	4	4	4	0
153	0	0	0	8	2	4	4	4	4	0
154	0	0	0	8	2	6	4	4	4	0
155	0	0	0	8	2	8	4	4	4	0
156	0	0	0	8	2	10	4	4	4	0
157	0	0	0	8	4	0	4	4	4	0
158	0	0	0	8	4	2	4	4	4	0
159	0	0	0	8	4	4	4	4	4	0
160	0	0	0	8	4	6	4	4	4	0
161	0	0	0	8	4	8	4	4	4	0
162	0	0	0	8	4	10	4	4	4	0
163	0	0	0	8	6	0	4	4	4	0
164	0	0	0	8	6	2	4	4	4	0
165	0	0	0	8	6	4	4	4	4	0
166	0	0	0	8	6	6	4	4	4	0
167	0	0	0	8	6	8	4	4	4	0
168	0	0	0	8	6	10	4	4	4	0
169	0	0	0	8	8	0	4	4	4	0
170	0	0	0	8	8	2	4	4	4	0
171	0	0	0	8	8	4	4	4	4	0
172	0	0	0	8	8	6	4	4	4	0
173	0	0	0	8	8	8	4	4	4	0
174	0	0	0	8	8	10	4	4	4	0
175	0	0	0	8	10	0	4	4	4	0
176	0	0	0	8	10	2	4	4	4	0
177	0	0	0	8	10	4	4	4	4	0
178	0	0	0	8	10	6	4	4	4	0
179	0	0	0	8	10	8	4	4	4	0
180	0	0	0	8	10	10	4	4	4	0
181	0	0	0	10	0	0	1	1	1	0
182	0	0	0	10	0	2	1	1	1	0
183	0	0	0	10	0	4	1	1	1	0
184	0	0	0	10	0	6	1	1	1	0
185	0	0	0	10	0	8	1	1	1	0
186	0	0	0	10	0	10	1	1	1	0
187	0	0	0	10	2	0	4	4	4	0
188	0	0	0	10	2	2	4	4	4	0
189	0	0	0	10	2	4	4	4	4	0
190	0	0	0	10	2	6	4	4	4	0
191	0	0	0	10	2	8	4	4	4	0
192	0	0	0	10	2	10	4	4	4	0
193	0	0	0	10	4	0	4	4	4	0
194	0	0	0	10	4	2	4	4	4	0
195	0	0	0	10	4	4	4	4	4	0
196	0	0	0	10	4	6	4	4	4	0
197	0	0	0	10	4	8	4	4	4	0
198	0	0	0	10	4	10	4	4	4	0
199	0	0	0	10	6	0	4	4	4	0
200	0	0	0	10	6	2	4	4	4	0
201	0	0	0	10	6	4	4	4	4	0
202	0	0	0	10	6	6	4	4	4	0
203	0	0	0	10	6	8	4	4	4	0
204	0	0	0	10	6	10	4	4	4	0
205	0	0	0	10	8	0	4	4	4	0
206	0	0	0	10	8	2	4	4	4	0
207	0	0	0	10	8	4	4	4	4	0
208	0	0	0	10	8	6	4	4	4	0
209	0	0	0	10	8	8	4	4	4	0
210	0	0	0	10	8	10	4	4	4	0
211	0	0	0	10	10	0	4	4	4	0
212	0	0	0	10	10	2	4	4	4	0
213	0	0	0	10	10	4	4	4	4	0
214	0	0	0	10	10	6	4	4	4	0
215	0	0	0	10	10	8	4	4	4	0
216	0	0	0	10	10	10	4	4	4	0
0	0	0	0	0	0	0	0	0	0	0
 	\MATERIAL !SET    E    PR   DENSITY  THIC
	            1     2   0.3     1560    1
		    0     0     0        0    0
!	\LOAD  !N IDIRN FLOAD  NFUNC
        \ELEMENT
	\OFE_TETRA
	 MTYPE: 1 NUMOLR: 750 NUMELE: 216  NGDOF: 5 
	\END    !N  NODE  IND(3,N) KN 
1	1	1	1	1	0
2	2	1	1	1	0
3	3	1	1	1	0
4	4	1	1	1	0
5	5	1	1	1	0
6	6	1	1	1	0
7	7	0	0	0	0
8	8	0	0	0	0
9	9	0	0	0	0
10	10	0	0	0	0
11	11	0	0	0	0
12	12	0	0	0	0
13	13	0	0	0	0
14	14	0	0	0	0
15	15	0	0	0	0
16	16	0	0	0	0
17	17	0	0	0	0
18	18	0	0	0	0
19	19	0	0	0	0
20	20	0	0	0	0
21	21	0	0	0	0
22	22	0	0	0	0
23	23	0	0	0	0
24	24	0	0	0	0
25	25	0	0	0	0
26	26	0	0	0	0
27	27	0	0	0	0
28	28	0	0	0	0
29	29	0	0	0	0
30	30	0	0	0	0
31	31	0	0	0	0
32	32	0	0	0	0
33	33	0	0	0	0
34	34	0	0	0	0
35	35	0	0	0	0
36	36	0	0	0	0
37	37	1	1	1	0
38	38	1	1	1	0
39	39	1	1	1	0
40	40	1	1	1	0
41	41	1	1	1	0
42	42	1	1	1	0
43	43	0	0	0	0
44	44	0	0	0	0
45	45	0	0	0	0
46	46	0	0	0	0
47	47	0	0	0	0
48	48	0	0	0	0
49	49	0	0	0	0
50	50	0	0	0	0
51	51	0	0	0	0
52	52	0	0	0	0
53	53	0	0	0	0
54	54	0	0	0	0
55	55	0	0	0	0
56	56	0	0	0	0
57	57	0	0	0	0
58	58	0	0	0	0
59	59	0	0	0	0
60	60	0	0	0	0
61	61	0	0	0	0
62	62	0	0	0	0
63	63	0	0	0	0
64	64	0	0	0	0
65	65	0	0	0	0
66	66	0	0	0	0
67	67	0	0	0	0
68	68	0	0	0	0
69	69	0	0	0	0
70	70	0	0	0	0
71	71	0	0	0	0
72	72	0	0	0	0
73	73	1	1	1	0
74	74	1	1	1	0
75	75	1	1	1	0
76	76	1	1	1	0
77	77	1	1	1	0
78	78	1	1	1	0
79	79	0	0	0	0
80	80	0	0	0	0
81	81	0	0	0	0
82	82	0	0	0	0
83	83	0	0	0	0
84	84	0	0	0	0
85	85	0	0	0	0
86	86	0	0	0	0
87	87	0	0	0	0
88	88	0	0	0	0
89	89	0	0	0	0
90	90	0	0	0	0
91	91	0	0	0	0
92	92	0	0	0	0
93	93	0	0	0	0
94	94	0	0	0	0
95	95	0	0	0	0
96	96	0	0	0	0
97	97	0	0	0	0
98	98	0	0	0	0
99	99	0	0	0	0
100	100	0	0	0	0
101	101	0	0	0	0
102	102	0	0	0	0
103	103	0	0	0	0
104	104	0	0	0	0
105	105	0	0	0	0
106	106	0	0	0	0
107	107	0	0	0	0
108	108	0	0	0	0
109	109	1	1	1	0
110	110	1	1	1	0
111	111	1	1	1	0
112	112	1	1	1	0
113	113	1	1	1	0
114	114	1	1	1	0
115	115	0	0	0	0
116	116	0	0	0	0
117	117	0	0	0	0
118	118	0	0	0	0
119	119	0	0	0	0
120	120	0	0	0	0
121	121	0	0	0	0
122	122	0	0	0	0
123	123	0	0	0	0
124	124	0	0	0	0
125	125	0	0	0	0
126	126	0	0	0	0
127	127	0	0	0	0
128	128	0	0	0	0
129	129	0	0	0	0
130	130	0	0	0	0
131	131	0	0	0	0
132	132	0	0	0	0
133	133	0	0	0	0
134	134	0	0	0	0
135	135	0	0	0	0
136	136	0	0	0	0
137	137	0	0	0	0
138	138	0	0	0	0
139	139	0	0	0	0
140	140	0	0	0	0
141	141	0	0	0	0
142	142	0	0	0	0
143	143	0	0	0	0
144	144	0	0	0	0
145	145	1	1	1	0
146	146	1	1	1	0
147	147	1	1	1	0
148	148	1	1	1	0
149	149	1	1	1	0
150	150	1	1	1	0
151	151	0	0	0	0
152	152	0	0	0	0
153	153	0	0	0	0
154	154	0	0	0	0
155	155	0	0	0	0
156	156	0	0	0	0
157	157	0	0	0	0
158	158	0	0	0	0
159	159	0	0	0	0
160	160	0	0	0	0
161	161	0	0	0	0
162	162	0	0	0	0
163	163	0	0	0	0
164	164	0	0	0	0
165	165	0	0	0	0
166	166	0	0	0	0
167	167	0	0	0	0
168	168	0	0	0	0
169	169	0	0	0	0
170	170	0	0	0	0
171	171	0	0	0	0
172	172	0	0	0	0
173	173	0	0	0	0
174	174	0	0	0	0
175	175	0	0	0	0
176	176	0	0	0	0
177	177	0	0	0	0
178	178	0	0	0	0
179	179	0	0	0	0
180	180	0	0	0	0
181	181	1	1	1	0
182	182	1	1	1	0
183	183	1	1	1	0
184	184	1	1	1	0
185	185	1	1	1	0
186	186	1	1	1	0
187	187	0	0	0	0
188	188	0	0	0	0
189	189	0	0	0	0
190	190	0	0	0	0
191	191	0	0	0	0
192	192	0	0	0	0
193	193	0	0	0	0
194	194	0	0	0	0
195	195	0	0	0	0
196	196	0	0	0	0
197	197	0	0	0	0
198	198	0	0	0	0
199	199	0	0	0	0
200	200	0	0	0	0
201	201	0	0	0	0
202	202	0	0	0	0
203	203	0	0	0	0
204	204	0	0	0	0
205	205	0	0	0	0
206	206	0	0	0	0
207	207	0	0	0	0
208	208	0	0	0	0
209	209	0	0	0	0
210	210	0	0	0	0
211	211	0	0	0	0
212	212	0	0	0	0
213	213	0	0	0	0
214	214	0	0	0	0
215	215	0	0	0	0
216	216	0	0	0	0
0	0	0	0	0	0	
	       !N   ELE1 ELE2 ELE3 ELE4 KN
1	1	8	2	37	0
2	2	38	37	8	0
3	38	44	37	8	0
4	37	44	43	8	0
5	8	1	7	37	0
6	8	7	43	37	0
7	2	9	3	38	0
8	3	39	38	9	0
9	39	45	38	9	0
10	38	45	44	9	0
11	9	2	8	38	0
12	9	8	44	38	0
13	3	10	4	39	0
14	4	40	39	10	0
15	40	46	39	10	0
16	39	46	45	10	0
17	10	3	9	39	0
18	10	9	45	39	0
19	4	11	5	40	0
20	5	41	40	11	0
21	41	47	40	11	0
22	40	47	46	11	0
23	11	4	10	40	0
24	11	10	46	40	0
25	5	12	6	41	0
26	6	42	41	12	0
27	42	48	41	12	0
28	41	48	47	12	0
29	12	5	11	41	0
30	12	11	47	41	0
31	7	14	8	43	0
32	8	44	43	14	0
33	44	50	43	14	0
34	43	50	49	14	0
35	14	7	13	43	0
36	14	13	49	43	0
37	8	15	9	44	0
38	9	45	44	15	0
39	45	51	44	15	0
40	44	51	50	15	0
41	15	8	14	44	0
42	15	14	50	44	0
43	9	16	10	45	0
44	10	46	45	16	0
45	46	52	45	16	0
46	45	52	51	16	0
47	16	9	15	45	0
48	16	15	51	45	0
49	10	17	11	46	0
50	11	47	46	17	0
51	47	53	46	17	0
52	46	53	52	17	0
53	17	10	16	46	0
54	17	16	52	46	0
55	11	18	12	47	0
56	12	48	47	18	0
57	48	54	47	18	0
58	47	54	53	18	0
59	18	11	17	47	0
60	18	17	53	47	0
61	13	20	14	49	0
62	14	50	49	20	0
63	50	56	49	20	0
64	49	56	55	20	0
65	20	13	19	49	0
66	20	19	55	49	0
67	14	21	15	50	0
68	15	51	50	21	0
69	51	57	50	21	0
70	50	57	56	21	0
71	21	14	20	50	0
72	21	20	56	50	0
73	15	22	16	51	0
74	16	52	51	22	0
75	52	58	51	22	0
76	51	58	57	22	0
77	22	15	21	51	0
78	22	21	57	51	0
79	16	23	17	52	0
80	17	53	52	23	0
81	53	59	52	23	0
82	52	59	58	23	0
83	23	16	22	52	0
84	23	22	58	52	0
85	17	24	18	53	0
86	18	54	53	24	0
87	54	60	53	24	0
88	53	60	59	24	0
89	24	17	23	53	0
90	24	23	59	53	0
91	19	26	20	55	0
92	20	56	55	26	0
93	56	62	55	26	0
94	55	62	61	26	0
95	26	19	25	55	0
96	26	25	61	55	0
97	20	27	21	56	0
98	21	57	56	27	0
99	57	63	56	27	0
100	56	63	62	27	0
101	27	20	26	56	0
102	27	26	62	56	0
103	21	28	22	57	0
104	22	58	57	28	0
105	58	64	57	28	0
106	57	64	63	28	0
107	28	21	27	57	0
108	28	27	63	57	0
109	22	29	23	58	0
110	23	59	58	29	0
111	59	65	58	29	0
112	58	65	64	29	0
113	29	22	28	58	0
114	29	28	64	58	0
115	23	30	24	59	0
116	24	60	59	30	0
117	60	66	59	30	0
118	59	66	65	30	0
119	30	23	29	59	0
120	30	29	65	59	0
121	25	32	26	61	0
122	26	62	61	32	0
123	62	68	61	32	0
124	61	68	67	32	0
125	32	25	31	61	0
126	32	31	67	61	0
127	26	33	27	62	0
128	27	63	62	33	0
129	63	69	62	33	0
130	62	69	68	33	0
131	33	26	32	62	0
132	33	32	68	62	0
133	27	34	28	63	0
134	28	64	63	34	0
135	64	70	63	34	0
136	63	70	69	34	0
137	34	27	33	63	0
138	34	33	69	63	0
139	28	35	29	64	0
140	29	65	64	35	0
141	65	71	64	35	0
142	64	71	70	35	0
143	35	28	34	64	0
144	35	34	70	64	0
145	29	36	30	65	0
146	30	66	65	36	0
147	66	72	65	36	0
148	65	72	71	36	0
149	36	29	35	65	0
150	36	35	71	65	0
151	37	44	38	73	0
152	38	74	73	44	0
153	74	80	73	44	0
154	73	80	79	44	0
155	44	37	43	73	0
156	44	43	79	73	0
157	38	45	39	74	0
158	39	75	74	45	0
159	75	81	74	45	0
160	74	81	80	45	0
161	45	38	44	74	0
162	45	44	80	74	0
163	39	46	40	75	0
164	40	76	75	46	0
165	76	82	75	46	0
166	75	82	81	46	0
167	46	39	45	75	0
168	46	45	81	75	0
169	40	47	41	76	0
170	41	77	76	47	0
171	77	83	76	47	0
172	76	83	82	47	0
173	47	40	46	76	0
174	47	46	82	76	0
175	41	48	42	77	0
176	42	78	77	48	0
177	78	84	77	48	0
178	77	84	83	48	0
179	48	41	47	77	0
180	48	47	83	77	0
181	43	50	44	79	0
182	44	80	79	50	0
183	80	86	79	50	0
184	79	86	85	50	0
185	50	43	49	79	0
186	50	49	85	79	0
187	44	51	45	80	0
188	45	81	80	51	0
189	81	87	80	51	0
190	80	87	86	51	0
191	51	44	50	80	0
192	51	50	86	80	0
193	45	52	46	81	0
194	46	82	81	52	0
195	82	88	81	52	0
196	81	88	87	52	0
197	52	45	51	81	0
198	52	51	87	81	0
199	46	53	47	82	0
200	47	83	82	53	0
201	83	89	82	53	0
202	82	89	88	53	0
203	53	46	52	82	0
204	53	52	88	82	0
205	47	54	48	83	0
206	48	84	83	54	0
207	84	90	83	54	0
208	83	90	89	54	0
209	54	47	53	83	0
210	54	53	89	83	0
211	49	56	50	85	0
212	50	86	85	56	0
213	86	92	85	56	0
214	85	92	91	56	0
215	56	49	55	85	0
216	56	55	91	85	0
217	50	57	51	86	0
218	51	87	86	57	0
219	87	93	86	57	0
220	86	93	92	57	0
221	57	50	56	86	0
222	57	56	92	86	0
223	51	58	52	87	0
224	52	88	87	58	0
225	88	94	87	58	0
226	87	94	93	58	0
227	58	51	57	87	0
228	58	57	93	87	0
229	52	59	53	88	0
230	53	89	88	59	0
231	89	95	88	59	0
232	88	95	94	59	0
233	59	52	58	88	0
234	59	58	94	88	0
235	53	60	54	89	0
236	54	90	89	60	0
237	90	96	89	60	0
238	89	96	95	60	0
239	60	53	59	89	0
240	60	59	95	89	0
241	55	62	56	91	0
242	56	92	91	62	0
243	92	98	91	62	0
244	91	98	97	62	0
245	62	55	61	91	0
246	62	61	97	91	0
247	56	63	57	92	0
248	57	93	92	63	0
249	93	99	92	63	0
250	92	99	98	63	0
251	63	56	62	92	0
252	63	62	98	92	0
253	57	64	58	93	0
254	58	94	93	64	0
255	94	100	93	64	0
256	93	100	99	64	0
257	64	57	63	93	0
258	64	63	99	93	0
259	58	65	59	94	0
260	59	95	94	65	0
261	95	101	94	65	0
262	94	101	100	65	0
263	65	58	64	94	0
264	65	64	100	94	0
265	59	66	60	95	0
266	60	96	95	66	0
267	96	102	95	66	0
268	95	102	101	66	0
269	66	59	65	95	0
270	66	65	101	95	0
271	61	68	62	97	0
272	62	98	97	68	0
273	98	104	97	68	0
274	97	104	103	68	0
275	68	61	67	97	0
276	68	67	103	97	0
277	62	69	63	98	0
278	63	99	98	69	0
279	99	105	98	69	0
280	98	105	104	69	0
281	69	62	68	98	0
282	69	68	104	98	0
283	63	70	64	99	0
284	64	100	99	70	0
285	100	106	99	70	0
286	99	106	105	70	0
287	70	63	69	99	0
288	70	69	105	99	0
289	64	71	65	100	0
290	65	101	100	71	0
291	101	107	100	71	0
292	100	107	106	71	0
293	71	64	70	100	0
294	71	70	106	100	0
295	65	72	66	101	0
296	66	102	101	72	0
297	102	108	101	72	0
298	101	108	107	72	0
299	72	65	71	101	0
300	72	71	107	101	0
301	73	80	74	109	0
302	74	110	109	80	0
303	110	116	109	80	0
304	109	116	115	80	0
305	80	73	79	109	0
306	80	79	115	109	0
307	74	81	75	110	0
308	75	111	110	81	0
309	111	117	110	81	0
310	110	117	116	81	0
311	81	74	80	110	0
312	81	80	116	110	0
313	75	82	76	111	0
314	76	112	111	82	0
315	112	118	111	82	0
316	111	118	117	82	0
317	82	75	81	111	0
318	82	81	117	111	0
319	76	83	77	112	0
320	77	113	112	83	0
321	113	119	112	83	0
322	112	119	118	83	0
323	83	76	82	112	0
324	83	82	118	112	0
325	77	84	78	113	0
326	78	114	113	84	0
327	114	120	113	84	0
328	113	120	119	84	0
329	84	77	83	113	0
330	84	83	119	113	0
331	79	86	80	115	0
332	80	116	115	86	0
333	116	122	115	86	0
334	115	122	121	86	0
335	86	79	85	115	0
336	86	85	121	115	0
337	80	87	81	116	0
338	81	117	116	87	0
339	117	123	116	87	0
340	116	123	122	87	0
341	87	80	86	116	0
342	87	86	122	116	0
343	81	88	82	117	0
344	82	118	117	88	0
345	118	124	117	88	0
346	117	124	123	88	0
347	88	81	87	117	0
348	88	87	123	117	0
349	82	89	83	118	0
350	83	119	118	89	0
351	119	125	118	89	0
352	118	125	124	89	0
353	89	82	88	118	0
354	89	88	124	118	0
355	83	90	84	119	0
356	84	120	119	90	0
357	120	126	119	90	0
358	119	126	125	90	0
359	90	83	89	119	0
360	90	89	125	119	0
361	85	92	86	121	0
362	86	122	121	92	0
363	122	128	121	92	0
364	121	128	127	92	0
365	92	85	91	121	0
366	92	91	127	121	0
367	86	93	87	122	0
368	87	123	122	93	0
369	123	129	122	93	0
370	122	129	128	93	0
371	93	86	92	122	0
372	93	92	128	122	0
373	87	94	88	123	0
374	88	124	123	94	0
375	124	130	123	94	0
376	123	130	129	94	0
377	94	87	93	123	0
378	94	93	129	123	0
379	88	95	89	124	0
380	89	125	124	95	0
381	125	131	124	95	0
382	124	131	130	95	0
383	95	88	94	124	0
384	95	94	130	124	0
385	89	96	90	125	0
386	90	126	125	96	0
387	126	132	125	96	0
388	125	132	131	96	0
389	96	89	95	125	0
390	96	95	131	125	0
391	91	98	92	127	0
392	92	128	127	98	0
393	128	134	127	98	0
394	127	134	133	98	0
395	98	91	97	127	0
396	98	97	133	127	0
397	92	99	93	128	0
398	93	129	128	99	0
399	129	135	128	99	0
400	128	135	134	99	0
401	99	92	98	128	0
402	99	98	134	128	0
403	93	100	94	129	0
404	94	130	129	100	0
405	130	136	129	100	0
406	129	136	135	100	0
407	100	93	99	129	0
408	100	99	135	129	0
409	94	101	95	130	0
410	95	131	130	101	0
411	131	137	130	101	0
412	130	137	136	101	0
413	101	94	100	130	0
414	101	100	136	130	0
415	95	102	96	131	0
416	96	132	131	102	0
417	132	138	131	102	0
418	131	138	137	102	0
419	102	95	101	131	0
420	102	101	137	131	0
421	97	104	98	133	0
422	98	134	133	104	0
423	134	140	133	104	0
424	133	140	139	104	0
425	104	97	103	133	0
426	104	103	139	133	0
427	98	105	99	134	0
428	99	135	134	105	0
429	135	141	134	105	0
430	134	141	140	105	0
431	105	98	104	134	0
432	105	104	140	134	0
433	99	106	100	135	0
434	100	136	135	106	0
435	136	142	135	106	0
436	135	142	141	106	0
437	106	99	105	135	0
438	106	105	141	135	0
439	100	107	101	136	0
440	101	137	136	107	0
441	137	143	136	107	0
442	136	143	142	107	0
443	107	100	106	136	0
444	107	106	142	136	0
445	101	108	102	137	0
446	102	138	137	108	0
447	138	144	137	108	0
448	137	144	143	108	0
449	108	101	107	137	0
450	108	107	143	137	0
451	109	116	110	145	0
452	110	146	145	116	0
453	146	152	145	116	0
454	145	152	151	116	0
455	116	109	115	145	0
456	116	115	151	145	0
457	110	117	111	146	0
458	111	147	146	117	0
459	147	153	146	117	0
460	146	153	152	117	0
461	117	110	116	146	0
462	117	116	152	146	0
463	111	118	112	147	0
464	112	148	147	118	0
465	148	154	147	118	0
466	147	154	153	118	0
467	118	111	117	147	0
468	118	117	153	147	0
469	112	119	113	148	0
470	113	149	148	119	0
471	149	155	148	119	0
472	148	155	154	119	0
473	119	112	118	148	0
474	119	118	154	148	0
475	113	120	114	149	0
476	114	150	149	120	0
477	150	156	149	120	0
478	149	156	155	120	0
479	120	113	119	149	0
480	120	119	155	149	0
481	115	122	116	151	0
482	116	152	151	122	0
483	152	158	151	122	0
484	151	158	157	122	0
485	122	115	121	151	0
486	122	121	157	151	0
487	116	123	117	152	0
488	117	153	152	123	0
489	153	159	152	123	0
490	152	159	158	123	0
491	123	116	122	152	0
492	123	122	158	152	0
493	117	124	118	153	0
494	118	154	153	124	0
495	154	160	153	124	0
496	153	160	159	124	0
497	124	117	123	153	0
498	124	123	159	153	0
499	118	125	119	154	0
500	119	155	154	125	0
501	155	161	154	125	0
502	154	161	160	125	0
503	125	118	124	154	0
504	125	124	160	154	0
505	119	126	120	155	0
506	120	156	155	126	0
507	156	162	155	126	0
508	155	162	161	126	0
509	126	119	125	155	0
510	126	125	161	155	0
511	121	128	122	157	0
512	122	158	157	128	0
513	158	164	157	128	0
514	157	164	163	128	0
515	128	121	127	157	0
516	128	127	163	157	0
517	122	129	123	158	0
518	123	159	158	129	0
519	159	165	158	129	0
520	158	165	164	129	0
521	129	122	128	158	0
522	129	128	164	158	0
523	123	130	124	159	0
524	124	160	159	130	0
525	160	166	159	130	0
526	159	166	165	130	0
527	130	123	129	159	0
528	130	129	165	159	0
529	124	131	125	160	0
530	125	161	160	131	0
531	161	167	160	131	0
532	160	167	166	131	0
533	131	124	130	160	0
534	131	130	166	160	0
535	125	132	126	161	0
536	126	162	161	132	0
537	162	168	161	132	0
538	161	168	167	132	0
539	132	125	131	161	0
540	132	131	167	161	0
541	127	134	128	163	0
542	128	164	163	134	0
543	164	170	163	134	0
544	163	170	169	134	0
545	134	127	133	163	0
546	134	133	169	163	0
547	128	135	129	164	0
548	129	165	164	135	0
549	165	171	164	135	0
550	164	171	170	135	0
551	135	128	134	164	0
552	135	134	170	164	0
553	129	136	130	165	0
554	130	166	165	136	0
555	166	172	165	136	0
556	165	172	171	136	0
557	136	129	135	165	0
558	136	135	171	165	0
559	130	137	131	166	0
560	131	167	166	137	0
561	167	173	166	137	0
562	166	173	172	137	0
563	137	130	136	166	0
564	137	136	172	166	0
565	131	138	132	167	0
566	132	168	167	138	0
567	168	174	167	138	0
568	167	174	173	138	0
569	138	131	137	167	0
570	138	137	173	167	0
571	133	140	134	169	0
572	134	170	169	140	0
573	170	176	169	140	0
574	169	176	175	140	0
575	140	133	139	169	0
576	140	139	175	169	0
577	134	141	135	170	0
578	135	171	170	141	0
579	171	177	170	141	0
580	170	177	176	141	0
581	141	134	140	170	0
582	141	140	176	170	0
583	135	142	136	171	0
584	136	172	171	142	0
585	172	178	171	142	0
586	171	178	177	142	0
587	142	135	141	171	0
588	142	141	177	171	0
589	136	143	137	172	0
590	137	173	172	143	0
591	173	179	172	143	0
592	172	179	178	143	0
593	143	136	142	172	0
594	143	142	178	172	0
595	137	144	138	173	0
596	138	174	173	144	0
597	174	180	173	144	0
598	173	180	179	144	0
599	144	137	143	173	0
600	144	143	179	173	0
601	145	152	146	181	0
602	146	182	181	152	0
603	182	188	181	152	0
604	181	188	187	152	0
605	152	145	151	181	0
606	152	151	187	181	0
607	146	153	147	182	0
608	147	183	182	153	0
609	183	189	182	153	0
610	182	189	188	153	0
611	153	146	152	182	0
612	153	152	188	182	0
613	147	154	148	183	0
614	148	184	183	154	0
615	184	190	183	154	0
616	183	190	189	154	0
617	154	147	153	183	0
618	154	153	189	183	0
619	148	155	149	184	0
620	149	185	184	155	0
621	185	191	184	155	0
622	184	191	190	155	0
623	155	148	154	184	0
624	155	154	190	184	0
625	149	156	150	185	0
626	150	186	185	156	0
627	186	192	185	156	0
628	185	192	191	156	0
629	156	149	155	185	0
630	156	155	191	185	0
631	151	158	152	187	0
632	152	188	187	158	0
633	188	194	187	158	0
634	187	194	193	158	0
635	158	151	157	187	0
636	158	157	193	187	0
637	152	159	153	188	0
638	153	189	188	159	0
639	189	195	188	159	0
640	188	195	194	159	0
641	159	152	158	188	0
642	159	158	194	188	0
643	153	160	154	189	0
644	154	190	189	160	0
645	190	196	189	160	0
646	189	196	195	160	0
647	160	153	159	189	0
648	160	159	195	189	0
649	154	161	155	190	0
650	155	191	190	161	0
651	191	197	190	161	0
652	190	197	196	161	0
653	161	154	160	190	0
654	161	160	196	190	0
655	155	162	156	191	0
656	156	192	191	162	0
657	192	198	191	162	0
658	191	198	197	162	0
659	162	155	161	191	0
660	162	161	197	191	0
661	157	164	158	193	0
662	158	194	193	164	0
663	194	200	193	164	0
664	193	200	199	164	0
665	164	157	163	193	0
666	164	163	199	193	0
667	158	165	159	194	0
668	159	195	194	165	0
669	195	201	194	165	0
670	194	201	200	165	0
671	165	158	164	194	0
672	165	164	200	194	0
673	159	166	160	195	0
674	160	196	195	166	0
675	196	202	195	166	0
676	195	202	201	166	0
677	166	159	165	195	0
678	166	165	201	195	0
679	160	167	161	196	0
680	161	197	196	167	0
681	197	203	196	167	0
682	196	203	202	167	0
683	167	160	166	196	0
684	167	166	202	196	0
685	161	168	162	197	0
686	162	198	197	168	0
687	198	204	197	168	0
688	197	204	203	168	0
689	168	161	167	197	0
690	168	167	203	197	0
691	163	170	164	199	0
692	164	200	199	170	0
693	200	206	199	170	0
694	199	206	205	170	0
695	170	163	169	199	0
696	170	169	205	199	0
697	164	171	165	200	0
698	165	201	200	171	0
699	201	207	200	171	0
700	200	207	206	171	0
701	171	164	170	200	0
702	171	170	206	200	0
703	165	172	166	201	0
704	166	202	201	172	0
705	202	208	201	172	0
706	201	208	207	172	0
707	172	165	171	201	0
708	172	171	207	201	0
709	166	173	167	202	0
710	167	203	202	173	0
711	203	209	202	173	0
712	202	209	208	173	0
713	173	166	172	202	0
714	173	172	208	202	0
715	167	174	168	203	0
716	168	204	203	174	0
717	204	210	203	174	0
718	203	210	209	174	0
719	174	167	173	203	0
720	174	173	209	203	0
721	169	176	170	205	0
722	170	206	205	176	0
723	206	212	205	176	0
724	205	212	211	176	0
725	176	169	175	205	0
726	176	175	211	205	0
727	170	177	171	206	0
728	171	207	206	177	0
729	207	213	206	177	0
730	206	213	212	177	0
731	177	170	176	206	0
732	177	176	212	206	0
733	171	178	172	207	0
734	172	208	207	178	0
735	208	214	207	178	0
736	207	214	213	178	0
737	178	171	177	207	0
738	178	177	213	207	0
739	172	179	173	208	0
740	173	209	208	179	0
741	209	215	208	179	0
742	208	215	214	179	0
743	179	172	178	208	0
744	179	178	214	208	0
745	173	180	174	209	0
746	174	210	209	180	0
747	210	216	209	180	0
748	209	216	215	180	0
749	180	173	179	209	0
750	180	179	215	209	0
0	0	0	0	0	0
 \BOUNDARY
        \OFE_TETRA
         NUMBC: 100
        \END ! N  ELE1 ELE2 ELE3 IND(3,N) FLOAD(3,N) FUNC(3,N) 
1	1	37	2	1	1	1	0	0	0	1	1	1
2	37	38	2	0	0	0	1	1	1	1	1	1
3	2	38	3	1	1	1	0	0	0	1	1	1
4	38	39	3	0	0	0	1	1	1	1	1	1
5	3	39	4	1	1	1	0	0	0	1	1	1
6	39	40	4	0	0	0	1	1	1	1	1	1
7	4	40	5	1	1	1	0	0	0	1	1	1
8	40	41	5	0	0	0	1	1	1	1	1	1
9	12	6	42	0	0	0	1	1	1	1	1	1
10	42	48	12	1	1	1	0	0	0	1	1	1
11	5	41	6	1	1	1	0	0	0	1	1	1
12	41	42	6	0	0	0	1	1	1	1	1	1
13	18	12	48	0	0	0	1	1	1	1	1	1
14	48	54	18	1	1	1	0	0	0	1	1	1
15	24	18	54	0	0	0	1	1	1	1	1	1
16	54	60	24	1	1	1	0	0	0	1	1	1
17	30	24	60	0	0	0	1	1	1	1	1	1
18	60	66	30	1	1	1	0	0	0	1	1	1
19	36	30	66	0	0	0	1	1	1	1	1	1
20	66	72	36	1	1	1	0	0	0	1	1	1
21	37	73	38	1	1	1	0	0	0	1	1	1
22	73	74	38	0	0	0	1	1	1	1	1	1
23	38	74	39	1	1	1	0	0	0	1	1	1
24	74	75	39	0	0	0	1	1	1	1	1	1
25	39	75	40	1	1	1	0	0	0	1	1	1
26	75	76	40	0	0	0	1	1	1	1	1	1
27	40	76	41	1	1	1	0	0	0	1	1	1
28	76	77	41	0	0	0	1	1	1	1	1	1
29	48	42	78	0	0	0	1	1	1	1	1	1
30	78	84	48	1	1	1	0	0	0	1	1	1
31	41	77	42	1	1	1	0	0	0	1	1	1
32	77	78	42	0	0	0	1	1	1	1	1	1
33	54	48	84	0	0	0	1	1	1	1	1	1
34	84	90	54	1	1	1	0	0	0	1	1	1
35	60	54	90	0	0	0	1	1	1	1	1	1
36	90	96	60	1	1	1	0	0	0	1	1	1
37	66	60	96	0	0	0	1	1	1	1	1	1
38	96	102	66	1	1	1	0	0	0	1	1	1
39	72	66	102	0	0	0	1	1	1	1	1	1
40	102	108	72	1	1	1	0	0	0	1	1	1
41	73	109	74	1	1	1	0	0	0	1	1	1
42	109	110	74	0	0	0	1	1	1	1	1	1
43	74	110	75	1	1	1	0	0	0	1	1	1
44	110	111	75	0	0	0	1	1	1	1	1	1
45	75	111	76	1	1	1	0	0	0	1	1	1
46	111	112	76	0	0	0	1	1	1	1	1	1
47	76	112	77	1	1	1	0	0	0	1	1	1
48	112	113	77	0	0	0	1	1	1	1	1	1
49	84	78	114	0	0	0	1	1	1	1	1	1
50	114	120	84	1	1	1	0	0	0	1	1	1
51	77	113	78	1	1	1	0	0	0	1	1	1
52	113	114	78	0	0	0	1	1	1	1	1	1
53	90	84	120	0	0	0	1	1	1	1	1	1
54	120	126	90	1	1	1	0	0	0	1	1	1
55	96	90	126	0	0	0	1	1	1	1	1	1
56	126	132	96	1	1	1	0	0	0	1	1	1
57	102	96	132	0	0	0	1	1	1	1	1	1
58	132	138	102	1	1	1	0	0	0	1	1	1
59	108	102	138	0	0	0	1	1	1	1	1	1
60	138	144	108	1	1	1	0	0	0	1	1	1
61	109	145	110	1	1	1	0	0	0	1	1	1
62	145	146	110	0	0	0	1	1	1	1	1	1
63	110	146	111	1	1	1	0	0	0	1	1	1
64	146	147	111	0	0	0	1	1	1	1	1	1
65	111	147	112	1	1	1	0	0	0	1	1	1
66	147	148	112	0	0	0	1	1	1	1	1	1
67	112	148	113	1	1	1	0	0	0	1	1	1
68	148	149	113	0	0	0	1	1	1	1	1	1
69	120	114	150	0	0	0	1	1	1	1	1	1
70	150	156	120	1	1	1	0	0	0	1	1	1
71	113	149	114	1	1	1	0	0	0	1	1	1
72	149	150	114	0	0	0	1	1	1	1	1	1
73	126	120	156	0	0	0	1	1	1	1	1	1
74	156	162	126	1	1	1	0	0	0	1	1	1
75	132	126	162	0	0	0	1	1	1	1	1	1
76	162	168	132	1	1	1	0	0	0	1	1	1
77	138	132	168	0	0	0	1	1	1	1	1	1
78	168	174	138	1	1	1	0	0	0	1	1	1
79	144	138	174	0	0	0	1	1	1	1	1	1
80	174	180	144	1	1	1	0	0	0	1	1	1
81	145	181	146	1	1	1	0	0	0	1	1	1
82	181	182	146	0	0	0	1	1	1	1	1	1
83	146	182	147	1	1	1	0	0	0	1	1	1
84	182	183	147	0	0	0	1	1	1	1	1	1
85	147	183	148	1	1	1	0	0	0	1	1	1
86	183	184	148	0	0	0	1	1	1	1	1	1
87	148	184	149	1	1	1	0	0	0	1	1	1
88	184	185	149	0	0	0	1	1	1	1	1	1
89	156	150	186	0	0	0	1	1	1	1	1	1
90	186	192	156	1	1	1	0	0	0	1	1	1
91	149	185	150	1	1	1	0	0	0	1	1	1
92	185	186	150	0	0	0	1	1	1	1	1	1
93	162	156	192	0	0	0	1	1	1	1	1	1
94	192	198	162	1	1	1	0	0	0	1	1	1
95	168	162	198	0	0	0	1	1	1	1	1	1
96	198	204	168	1	1	1	0	0	0	1	1	1
97	174	168	204	0	0	0	1	1	1	1	1	1
98	204	210	174	1	1	1	0	0	0	1	1	1
99	180	174	210	0	0	0	1	1	1	1	1	1
100	210	216	180	1	1	1	0	0	0	1	1	1
0	0	0	0	0	0	0	0	0	0	0	0	0
\END{INPUT}
!-----------------
  \GENERATE
!-----------------
!  \STATIC_SOLVER
!-----------------
!  \OUTPUT
!-----------------
  \END 
!-----------------
 

