!-----------------
  \START
!-----------------
  \INPUT
!-----------------      
        \GLOBAL
   	  PROJECT:  PATCH_TEST2_MFS
	  NUMNP:         121
	  NMAT:            1
	  NBGROUP:         1
	  NEGROUP:         1
	  NITP_IN:        40
          NIDIV_IN:       40
	  DYNAMIC:         0
!
          CONTACT:         0 
          NSPAIR:          0
	\END
	\NODE  !N  ID(3,N)   X    Y    Z   NDOF(3,N)  KN
1	1	1	1	0	0	0	0	0	0	0
2	0	0	1	0.200000000000000	0	0	4	4	0	0
3	0	0	1	0.400000000000000	0	0	4	4	0	0
4	0	0	1	0.600000000000000	0	0	4	4	0	0
5	0	0	1	0.800000000000000	0	0	4	4	0	0
6	0	0	1	1	0	0	4	4	0	0
7	0	0	1	1.20000000000000	0	0	4	4	0	0
8	0	0	1	1.40000000000000	0	0	4	4	0	0
9	0	0	1	1.60000000000000	0	0	4	4	0	0
10	0	0	1	1.80000000000000	0	0	4	4	0	0
11	0	0	1	2	0	0	4	4	0	0
12	1	1	1	0	0.200000000000000	0	0	0	0	0
13	0	0	1	0.200000000000000	0.200000000000000	0	4	4	0	0
14	0	0	1	0.400000000000000	0.200000000000000	0	4	4	0	0
15	0	0	1	0.600000000000000	0.200000000000000	0	4	4	0	0
16	0	0	1	0.800000000000000	0.200000000000000	0	4	4	0	0
17	0	0	1	1	0.200000000000000	0	4	4	0	0
18	0	0	1	1.20000000000000	0.200000000000000	0	4	4	0	0
19	0	0	1	1.40000000000000	0.200000000000000	0	4	4	0	0
20	0	0	1	1.60000000000000	0.200000000000000	0	4	4	0	0
21	0	0	1	1.80000000000000	0.200000000000000	0	4	4	0	0
22	0	0	1	2	0.200000000000000	0	4	4	0	0
23	1	1	1	0	0.400000000000000	0	0	0	0	0
24	0	0	1	0.200000000000000	0.400000000000000	0	4	4	0	0
25	0	0	1	0.400000000000000	0.400000000000000	0	4	4	0	0
26	0	0	1	0.600000000000000	0.400000000000000	0	4	4	0	0
27	0	0	1	0.800000000000000	0.400000000000000	0	4	4	0	0
28	0	0	1	1	0.400000000000000	0	4	4	0	0
29	0	0	1	1.20000000000000	0.400000000000000	0	4	4	0	0
30	0	0	1	1.40000000000000	0.400000000000000	0	4	4	0	0
31	0	0	1	1.60000000000000	0.400000000000000	0	4	4	0	0
32	0	0	1	1.80000000000000	0.400000000000000	0	4	4	0	0
33	0	0	1	2	0.400000000000000	0	4	4	0	0
34	1	1	1	0	0.600000000000000	0	0	0	0	0
35	0	0	1	0.200000000000000	0.600000000000000	0	4	4	0	0
36	0	0	1	0.400000000000000	0.600000000000000	0	4	4	0	0
37	0	0	1	0.600000000000000	0.600000000000000	0	4	4	0	0
38	0	0	1	0.800000000000000	0.600000000000000	0	4	4	0	0
39	0	0	1	1	0.600000000000000	0	4	4	0	0
40	0	0	1	1.20000000000000	0.600000000000000	0	4	4	0	0
41	0	0	1	1.40000000000000	0.600000000000000	0	4	4	0	0
42	0	0	1	1.60000000000000	0.600000000000000	0	4	4	0	0
43	0	0	1	1.80000000000000	0.600000000000000	0	4	4	0	0
44	0	0	1	2	0.600000000000000	0	4	4	0	0
45	1	1	1	0	0.800000000000000	0	0	0	0	0
46	0	0	1	0.200000000000000	0.800000000000000	0	4	4	0	0
47	0	0	1	0.400000000000000	0.800000000000000	0	4	4	0	0
48	0	0	1	0.600000000000000	0.800000000000000	0	4	4	0	0
49	0	0	1	0.800000000000000	0.800000000000000	0	4	4	0	0
50	0	0	1	1	0.800000000000000	0	4	4	0	0
51	0	0	1	1.20000000000000	0.800000000000000	0	4	4	0	0
52	0	0	1	1.40000000000000	0.800000000000000	0	4	4	0	0
53	0	0	1	1.60000000000000	0.800000000000000	0	4	4	0	0
54	0	0	1	1.80000000000000	0.800000000000000	0	4	4	0	0
55	0	0	1	2	0.800000000000000	0	4	4	0	0
56	1	1	1	0	1	0	0	0	0	0
57	0	0	1	0.200000000000000	1	0	4	4	0	0
58	0	0	1	0.400000000000000	1	0	4	4	0	0
59	0	0	1	0.600000000000000	1	0	4	4	0	0
60	0	0	1	0.800000000000000	1	0	4	4	0	0
61	0	0	1	1	1	0	4	4	0	0
62	0	0	1	1.20000000000000	1	0	4	4	0	0
63	0	0	1	1.40000000000000	1	0	4	4	0	0
64	0	0	1	1.60000000000000	1	0	4	4	0	0
65	0	0	1	1.80000000000000	1	0	4	4	0	0
66	0	0	1	2	1	0	4	4	0	0
67	1	1	1	0	1.20000000000000	0	0	0	0	0
68	0	0	1	0.200000000000000	1.20000000000000	0	4	4	0	0
69	0	0	1	0.400000000000000	1.20000000000000	0	4	4	0	0
70	0	0	1	0.600000000000000	1.20000000000000	0	4	4	0	0
71	0	0	1	0.800000000000000	1.20000000000000	0	4	4	0	0
72	0	0	1	1	1.20000000000000	0	4	4	0	0
73	0	0	1	1.20000000000000	1.20000000000000	0	4	4	0	0
74	0	0	1	1.40000000000000	1.20000000000000	0	4	4	0	0
75	0	0	1	1.60000000000000	1.20000000000000	0	4	4	0	0
76	0	0	1	1.80000000000000	1.20000000000000	0	4	4	0	0
77	0	0	1	2	1.20000000000000	0	4	4	0	0
78	1	1	1	0	1.40000000000000	0	0	0	0	0
79	0	0	1	0.200000000000000	1.40000000000000	0	4	4	0	0
80	0	0	1	0.400000000000000	1.40000000000000	0	4	4	0	0
81	0	0	1	0.600000000000000	1.40000000000000	0	4	4	0	0
82	0	0	1	0.800000000000000	1.40000000000000	0	4	4	0	0
83	0	0	1	1	1.40000000000000	0	4	4	0	0
84	0	0	1	1.20000000000000	1.40000000000000	0	4	4	0	0
85	0	0	1	1.40000000000000	1.40000000000000	0	4	4	0	0
86	0	0	1	1.60000000000000	1.40000000000000	0	4	4	0	0
87	0	0	1	1.80000000000000	1.40000000000000	0	4	4	0	0
88	0	0	1	2	1.40000000000000	0	4	4	0	0
89	1	1	1	0	1.60000000000000	0	0	0	0	0
90	0	0	1	0.200000000000000	1.60000000000000	0	4	4	0	0
91	0	0	1	0.400000000000000	1.60000000000000	0	4	4	0	0
92	0	0	1	0.600000000000000	1.60000000000000	0	4	4	0	0
93	0	0	1	0.800000000000000	1.60000000000000	0	4	4	0	0
94	0	0	1	1	1.60000000000000	0	4	4	0	0
95	0	0	1	1.20000000000000	1.60000000000000	0	4	4	0	0
96	0	0	1	1.40000000000000	1.60000000000000	0	4	4	0	0
97	0	0	1	1.60000000000000	1.60000000000000	0	4	4	0	0
98	0	0	1	1.80000000000000	1.60000000000000	0	4	4	0	0
99	0	0	1	2	1.60000000000000	0	4	4	0	0
100	1	1	1	0	1.80000000000000	0	0	0	0	0
101	0	0	1	0.200000000000000	1.80000000000000	0	4	4	0	0
102	0	0	1	0.400000000000000	1.80000000000000	0	4	4	0	0
103	0	0	1	0.600000000000000	1.80000000000000	0	4	4	0	0
104	0	0	1	0.800000000000000	1.80000000000000	0	4	4	0	0
105	0	0	1	1	1.80000000000000	0	4	4	0	0
106	0	0	1	1.20000000000000	1.80000000000000	0	4	4	0	0
107	0	0	1	1.40000000000000	1.80000000000000	0	4	4	0	0
108	0	0	1	1.60000000000000	1.80000000000000	0	4	4	0	0
109	0	0	1	1.80000000000000	1.80000000000000	0	4	4	0	0
110	0	0	1	2	1.80000000000000	0	4	4	0	0
111	1	1	1	0	2	0	0	0	0	0
112	0	0	1	0.200000000000000	2	0	4	4	0	0
113	0	0	1	0.400000000000000	2	0	4	4	0	0
114	0	0	1	0.600000000000000	2	0	4	4	0	0
115	0	0	1	0.800000000000000	2	0	4	4	0	0
116	0	0	1	1	2	0	4	4	0	0
117	0	0	1	1.20000000000000	2	0	4	4	0	0
118	0	0	1	1.40000000000000	2	0	4	4	0	0
119	0	0	1	1.60000000000000	2	0	4	4	0	0
120	0	0	1	1.80000000000000	2	0	4	4	0	0
121	0	0	1	2	2	0	4	4	0	0
0	0	0	0	0	0	0	0	0	0	0
 	\MATERIAL !SET    E    PR   DENSITY  THIC
	            1   100   0.3     1560    1
		    0     0     0        0    0
!	\LOAD  !N IDIRN FLOAD  NFUNC
        \ELEMENT
	\FEMC_QUADS
	 ITYPE: 1 MTYPE: 1 NUMOFE: 200 NUMELE: 121 NGDOF: 5
	\END    !N  NODE  IND(2,N) RAD(2,N) KN 
1	1	1	1	0.200000000000000			0
2	2	0	0	0.200000000000000			0
3	3	0	0	0.200000000000000			0
4	4	0	0	0.200000000000000			0
5	5	0	0	0.200000000000000			0
6	6	0	0	0.200000000000000			0
7	7	0	0	0.200000000000000			0
8	8	0	0	0.200000000000000			0
9	9	0	0	0.200000000000000			0
10	10	0	0	0.200000000000000			0
11	11	0	0	0.200000000000000			0
12	12	1	1	0.200000000000000			0
13	13	0	0	0.200000000000000			0
14	14	0	0	0.200000000000000			0
15	15	0	0	0.200000000000000			0
16	16	0	0	0.200000000000000			0
17	17	0	0	0.200000000000000			0
18	18	0	0	0.200000000000000			0
19	19	0	0	0.200000000000000			0
20	20	0	0	0.200000000000000			0
21	21	0	0	0.200000000000000			0
22	22	0	0	0.200000000000000			0
23	23	1	1	0.200000000000000			0
24	24	0	0	0.200000000000000			0
25	25	0	0	0.200000000000000			0
26	26	0	0	0.200000000000000			0
27	27	0	0	0.200000000000000			0
28	28	0	0	0.200000000000000			0
29	29	0	0	0.200000000000000			0
30	30	0	0	0.200000000000000			0
31	31	0	0	0.200000000000000			0
32	32	0	0	0.200000000000000			0
33	33	0	0	0.200000000000000			0
34	34	1	1	0.200000000000000			0
35	35	0	0	0.200000000000000			0
36	36	0	0	0.200000000000000			0
37	37	0	0	0.200000000000000			0
38	38	0	0	0.200000000000000			0
39	39	0	0	0.200000000000000			0
40	40	0	0	0.200000000000000			0
41	41	0	0	0.200000000000000			0
42	42	0	0	0.200000000000000			0
43	43	0	0	0.200000000000000			0
44	44	0	0	0.200000000000000			0
45	45	1	1	0.200000000000000			0
46	46	0	0	0.200000000000000			0
47	47	0	0	0.200000000000000			0
48	48	0	0	0.200000000000000			0
49	49	0	0	0.200000000000000			0
50	50	0	0	0.200000000000000			0
51	51	0	0	0.200000000000000			0
52	52	0	0	0.200000000000000			0
53	53	0	0	0.200000000000000			0
54	54	0	0	0.200000000000000			0
55	55	0	0	0.200000000000000			0
56	56	1	1	0.200000000000000			0
57	57	0	0	0.200000000000000			0
58	58	0	0	0.200000000000000			0
59	59	0	0	0.200000000000000			0
60	60	0	0	0.200000000000000			0
61	61	0	0	0.200000000000000			0
62	62	0	0	0.200000000000000			0
63	63	0	0	0.200000000000000			0
64	64	0	0	0.200000000000000			0
65	65	0	0	0.200000000000000			0
66	66	0	0	0.200000000000000			0
67	67	1	1	0.200000000000000			0
68	68	0	0	0.200000000000000			0
69	69	0	0	0.200000000000000			0
70	70	0	0	0.200000000000000			0
71	71	0	0	0.200000000000000			0
72	72	0	0	0.200000000000000			0
73	73	0	0	0.200000000000000			0
74	74	0	0	0.200000000000000			0
75	75	0	0	0.200000000000000			0
76	76	0	0	0.200000000000000			0
77	77	0	0	0.200000000000000			0
78	78	1	1	0.200000000000000			0
79	79	0	0	0.200000000000000			0
80	80	0	0	0.200000000000000			0
81	81	0	0	0.200000000000000			0
82	82	0	0	0.200000000000000			0
83	83	0	0	0.200000000000000			0
84	84	0	0	0.200000000000000			0
85	85	0	0	0.200000000000000			0
86	86	0	0	0.200000000000000			0
87	87	0	0	0.200000000000000			0
88	88	0	0	0.200000000000000			0
89	89	1	1	0.200000000000000			0
90	90	0	0	0.200000000000000			0
91	91	0	0	0.200000000000000			0
92	92	0	0	0.200000000000000			0
93	93	0	0	0.200000000000000			0
94	94	0	0	0.200000000000000			0
95	95	0	0	0.200000000000000			0
96	96	0	0	0.200000000000000			0
97	97	0	0	0.200000000000000			0
98	98	0	0	0.200000000000000			0
99	99	0	0	0.200000000000000			0
100	100	1	1	0.200000000000000			0
101	101	0	0	0.200000000000000			0
102	102	0	0	0.200000000000000			0
103	103	0	0	0.200000000000000			0
104	104	0	0	0.200000000000000			0
105	105	0	0	0.200000000000000			0
106	106	0	0	0.200000000000000			0
107	107	0	0	0.200000000000000			0
108	108	0	0	0.200000000000000			0
109	109	0	0	0.200000000000000			0
110	110	0	0	0.200000000000000			0
111	111	1	1	0.200000000000000			0
112	112	0	0	0.200000000000000			0
113	113	0	0	0.200000000000000			0
114	114	0	0	0.200000000000000			0
115	115	0	0	0.200000000000000			0
116	116	0	0	0.200000000000000			0
117	117	0	0	0.200000000000000			0
118	118	0	0	0.200000000000000			0
119	119	0	0	0.200000000000000			0
120	120	0	0	0.200000000000000			0
121	121	0	0	0.200000000000000			0
0	0	0	0	0			0
 	       !N   ELE1  ELE2  ELE3    KN
1	1	13	12		0
2	1	2	13		0
3	2	14	13		0
4	2	3	14		0
5	3	15	14		0
6	3	4	15		0
7	4	16	15		0
8	4	5	16		0
9	5	17	16		0
10	5	6	17		0
11	6	18	17		0
12	6	7	18		0
13	7	19	18		0
14	7	8	19		0
15	8	20	19		0
16	8	9	20		0
17	9	21	20		0
18	9	10	21		0
19	10	22	21		0
20	10	11	22		0
21	12	24	23		0
22	12	13	24		0
23	13	25	24		0
24	13	14	25		0
25	14	26	25		0
26	14	15	26		0
27	15	27	26		0
28	15	16	27		0
29	16	28	27		0
30	16	17	28		0
31	17	29	28		0
32	17	18	29		0
33	18	30	29		0
34	18	19	30		0
35	19	31	30		0
36	19	20	31		0
37	20	32	31		0
38	20	21	32		0
39	21	33	32		0
40	21	22	33		0
41	23	35	34		0
42	23	24	35		0
43	24	36	35		0
44	24	25	36		0
45	25	37	36		0
46	25	26	37		0
47	26	38	37		0
48	26	27	38		0
49	27	39	38		0
50	27	28	39		0
51	28	40	39		0
52	28	29	40		0
53	29	41	40		0
54	29	30	41		0
55	30	42	41		0
56	30	31	42		0
57	31	43	42		0
58	31	32	43		0
59	32	44	43		0
60	32	33	44		0
61	34	46	45		0
62	34	35	46		0
63	35	47	46		0
64	35	36	47		0
65	36	48	47		0
66	36	37	48		0
67	37	49	48		0
68	37	38	49		0
69	38	50	49		0
70	38	39	50		0
71	39	51	50		0
72	39	40	51		0
73	40	52	51		0
74	40	41	52		0
75	41	53	52		0
76	41	42	53		0
77	42	54	53		0
78	42	43	54		0
79	43	55	54		0
80	43	44	55		0
81	45	57	56		0
82	45	46	57		0
83	46	58	57		0
84	46	47	58		0
85	47	59	58		0
86	47	48	59		0
87	48	60	59		0
88	48	49	60		0
89	49	61	60		0
90	49	50	61		0
91	50	62	61		0
92	50	51	62		0
93	51	63	62		0
94	51	52	63		0
95	52	64	63		0
96	52	53	64		0
97	53	65	64		0
98	53	54	65		0
99	54	66	65		0
100	54	55	66		0
101	56	68	67		0
102	56	57	68		0
103	57	69	68		0
104	57	58	69		0
105	58	70	69		0
106	58	59	70		0
107	59	71	70		0
108	59	60	71		0
109	60	72	71		0
110	60	61	72		0
111	61	73	72		0
112	61	62	73		0
113	62	74	73		0
114	62	63	74		0
115	63	75	74		0
116	63	64	75		0
117	64	76	75		0
118	64	65	76		0
119	65	77	76		0
120	65	66	77		0
121	67	79	78		0
122	67	68	79		0
123	68	80	79		0
124	68	69	80		0
125	69	81	80		0
126	69	70	81		0
127	70	82	81		0
128	70	71	82		0
129	71	83	82		0
130	71	72	83		0
131	72	84	83		0
132	72	73	84		0
133	73	85	84		0
134	73	74	85		0
135	74	86	85		0
136	74	75	86		0
137	75	87	86		0
138	75	76	87		0
139	76	88	87		0
140	76	77	88		0
141	78	90	89		0
142	78	79	90		0
143	79	91	90		0
144	79	80	91		0
145	80	92	91		0
146	80	81	92		0
147	81	93	92		0
148	81	82	93		0
149	82	94	93		0
150	82	83	94		0
151	83	95	94		0
152	83	84	95		0
153	84	96	95		0
154	84	85	96		0
155	85	97	96		0
156	85	86	97		0
157	86	98	97		0
158	86	87	98		0
159	87	99	98		0
160	87	88	99		0
161	89	101	100		0
162	89	90	101		0
163	90	102	101		0
164	90	91	102		0
165	91	103	102		0
166	91	92	103		0
167	92	104	103		0
168	92	93	104		0
169	93	105	104		0
170	93	94	105		0
171	94	106	105		0
172	94	95	106		0
173	95	107	106		0
174	95	96	107		0
175	96	108	107		0
176	96	97	108		0
177	97	109	108		0
178	97	98	109		0
179	98	110	109		0
180	98	99	110		0
181	100	112	111		0
182	100	101	112		0
183	101	113	112		0
184	101	102	113		0
185	102	114	113		0
186	102	103	114		0
187	103	115	114		0
188	103	104	115		0
189	104	116	115		0
190	104	105	116		0
191	105	117	116		0
192	105	106	117		0
193	106	118	117		0
194	106	107	118		0
195	107	119	118		0
196	107	108	119		0
197	108	120	119		0
198	108	109	120		0
199	109	121	120		0
200	109	110	121		0
0	0	0	0		0
 \BOUNDARY
        \FEMC_LINE
         NUMBC: 40
        \END ! N  ELE1 ELE2  IND(2,N) FLOAD(2,N) FUNC(2,N)  KN
1	1	2	2	2	0	0	1	1	0
2	2	3	2	2	0	0	1	1	0
3	3	4	2	2	0	0	1	1	0
4	4	5	2	2	0	0	1	1	0
5	5	6	2	2	0	0	1	1	0
6	6	7	2	2	0	0	1	1	0
7	7	8	2	2	0	0	1	1	0
8	8	9	2	2	0	0	1	1	0
9	9	10	2	2	0	0	1	1	0
10	10	11	2	2	0	0	1	1	0
11	11	22	2	2	0	0	1	1	0
12	22	33	2	2	0	0	1	1	0
13	33	44	2	2	0	0	1	1	0
14	44	55	2	2	0	0	1	1	0
15	55	66	2	2	0	0	1	1	0
16	66	77	2	2	0	0	1	1	0
17	77	88	2	2	0	0	1	1	0
18	88	99	2	2	0	0	1	1	0
19	99	110	2	2	0	0	1	1	0
20	110	121	2	2	0	0	1	1	0
21	121	120	2	2	0	1	1	1	0
22	120	119	2	2	0	1	1	1	0
23	119	118	2	2	0	1	1	1	0
24	118	117	2	2	0	1	1	1	0
25	117	116	2	2	0	1	1	1	0
26	116	115	2	2	0	1	1	1	0
27	115	114	2	2	0	1	1	1	0
28	114	113	2	2	0	1	1	1	0
29	113	112	2	2	0	1	1	1	0
30	112	111	2	2	0	1	1	1	0
31	111	100	1	1	0	0	1	1	0
32	100	89	1	1	0	0	1	1	0
33	89	78	1	1	0	0	1	1	0
34	78	67	1	1	0	0	1	1	0
35	67	56	1	1	0	0	1	1	0
36	56	45	1	1	0	0	1	1	0
37	45	34	1	1	0	0	1	1	0
38	34	23	1	1	0	0	1	1	0
39	23	12	1	1	0	0	1	1	0
40	12	1	1	1	0	0	1	1	0
0	0	0	0	0	0	0	0	0	0
\END{INPUT}
!-----------------
  \GENERATE
!-----------------
  \STATIC_SOLVER
!-----------------
!  \OUTPUT
!-----------------
  \END 
!-----------------
 

