!-----------------
  \START
!-----------------
  \INPUT
!-----------------      
        \GLOBAL
   	  PROJECT:  PATCH_TEST2_MFS
	  NUMNP:         441
	  NMAT:            1
	  NBGROUP:         1
	  NEGROUP:         1
	  NITP_IN:        40
          NIDIV_IN:       40
	  DYNAMIC:         0
!
          CONTACT:         0 
          NSPAIR:          0
	\END
	\NODE  !N  ID(3,N)   X    Y    Z   NDOF(3,N)  KN
1	1	1	1	0	0	0	0	0	0	0
2	0	0	1	0.100000000000000	0	0	4	4	0	0
3	0	0	1	0.200000000000000	0	0	4	4	0	0
4	0	0	1	0.300000000000000	0	0	4	4	0	0
5	0	0	1	0.400000000000000	0	0	4	4	0	0
6	0	0	1	0.500000000000000	0	0	4	4	0	0
7	0	0	1	0.600000000000000	0	0	4	4	0	0
8	0	0	1	0.700000000000000	0	0	4	4	0	0
9	0	0	1	0.800000000000000	0	0	4	4	0	0
10	0	0	1	0.900000000000000	0	0	4	4	0	0
11	0	0	1	1	0	0	4	4	0	0
12	0	0	1	1.10000000000000	0	0	4	4	0	0
13	0	0	1	1.20000000000000	0	0	4	4	0	0
14	0	0	1	1.30000000000000	0	0	4	4	0	0
15	0	0	1	1.40000000000000	0	0	4	4	0	0
16	0	0	1	1.50000000000000	0	0	4	4	0	0
17	0	0	1	1.60000000000000	0	0	4	4	0	0
18	0	0	1	1.70000000000000	0	0	4	4	0	0
19	0	0	1	1.80000000000000	0	0	4	4	0	0
20	0	0	1	1.90000000000000	0	0	4	4	0	0
21	0	0	1	2	0	0	4	4	0	0
22	1	1	1	0	0.100000000000000	0	0	0	0	0
23	0	0	1	0.100000000000000	0.100000000000000	0	4	4	0	0
24	0	0	1	0.200000000000000	0.100000000000000	0	4	4	0	0
25	0	0	1	0.300000000000000	0.100000000000000	0	4	4	0	0
26	0	0	1	0.400000000000000	0.100000000000000	0	4	4	0	0
27	0	0	1	0.500000000000000	0.100000000000000	0	4	4	0	0
28	0	0	1	0.600000000000000	0.100000000000000	0	4	4	0	0
29	0	0	1	0.700000000000000	0.100000000000000	0	4	4	0	0
30	0	0	1	0.800000000000000	0.100000000000000	0	4	4	0	0
31	0	0	1	0.900000000000000	0.100000000000000	0	4	4	0	0
32	0	0	1	1	0.100000000000000	0	4	4	0	0
33	0	0	1	1.10000000000000	0.100000000000000	0	4	4	0	0
34	0	0	1	1.20000000000000	0.100000000000000	0	4	4	0	0
35	0	0	1	1.30000000000000	0.100000000000000	0	4	4	0	0
36	0	0	1	1.40000000000000	0.100000000000000	0	4	4	0	0
37	0	0	1	1.50000000000000	0.100000000000000	0	4	4	0	0
38	0	0	1	1.60000000000000	0.100000000000000	0	4	4	0	0
39	0	0	1	1.70000000000000	0.100000000000000	0	4	4	0	0
40	0	0	1	1.80000000000000	0.100000000000000	0	4	4	0	0
41	0	0	1	1.90000000000000	0.100000000000000	0	4	4	0	0
42	0	0	1	2	0.100000000000000	0	4	4	0	0
43	1	1	1	0	0.200000000000000	0	0	0	0	0
44	0	0	1	0.100000000000000	0.200000000000000	0	4	4	0	0
45	0	0	1	0.200000000000000	0.200000000000000	0	4	4	0	0
46	0	0	1	0.300000000000000	0.200000000000000	0	4	4	0	0
47	0	0	1	0.400000000000000	0.200000000000000	0	4	4	0	0
48	0	0	1	0.500000000000000	0.200000000000000	0	4	4	0	0
49	0	0	1	0.600000000000000	0.200000000000000	0	4	4	0	0
50	0	0	1	0.700000000000000	0.200000000000000	0	4	4	0	0
51	0	0	1	0.800000000000000	0.200000000000000	0	4	4	0	0
52	0	0	1	0.900000000000000	0.200000000000000	0	4	4	0	0
53	0	0	1	1	0.200000000000000	0	4	4	0	0
54	0	0	1	1.10000000000000	0.200000000000000	0	4	4	0	0
55	0	0	1	1.20000000000000	0.200000000000000	0	4	4	0	0
56	0	0	1	1.30000000000000	0.200000000000000	0	4	4	0	0
57	0	0	1	1.40000000000000	0.200000000000000	0	4	4	0	0
58	0	0	1	1.50000000000000	0.200000000000000	0	4	4	0	0
59	0	0	1	1.60000000000000	0.200000000000000	0	4	4	0	0
60	0	0	1	1.70000000000000	0.200000000000000	0	4	4	0	0
61	0	0	1	1.80000000000000	0.200000000000000	0	4	4	0	0
62	0	0	1	1.90000000000000	0.200000000000000	0	4	4	0	0
63	0	0	1	2	0.200000000000000	0	4	4	0	0
64	1	1	1	0	0.300000000000000	0	0	0	0	0
65	0	0	1	0.100000000000000	0.300000000000000	0	4	4	0	0
66	0	0	1	0.200000000000000	0.300000000000000	0	4	4	0	0
67	0	0	1	0.300000000000000	0.300000000000000	0	4	4	0	0
68	0	0	1	0.400000000000000	0.300000000000000	0	4	4	0	0
69	0	0	1	0.500000000000000	0.300000000000000	0	4	4	0	0
70	0	0	1	0.600000000000000	0.300000000000000	0	4	4	0	0
71	0	0	1	0.700000000000000	0.300000000000000	0	4	4	0	0
72	0	0	1	0.800000000000000	0.300000000000000	0	4	4	0	0
73	0	0	1	0.900000000000000	0.300000000000000	0	4	4	0	0
74	0	0	1	1	0.300000000000000	0	4	4	0	0
75	0	0	1	1.10000000000000	0.300000000000000	0	4	4	0	0
76	0	0	1	1.20000000000000	0.300000000000000	0	4	4	0	0
77	0	0	1	1.30000000000000	0.300000000000000	0	4	4	0	0
78	0	0	1	1.40000000000000	0.300000000000000	0	4	4	0	0
79	0	0	1	1.50000000000000	0.300000000000000	0	4	4	0	0
80	0	0	1	1.60000000000000	0.300000000000000	0	4	4	0	0
81	0	0	1	1.70000000000000	0.300000000000000	0	4	4	0	0
82	0	0	1	1.80000000000000	0.300000000000000	0	4	4	0	0
83	0	0	1	1.90000000000000	0.300000000000000	0	4	4	0	0
84	0	0	1	2	0.300000000000000	0	4	4	0	0
85	1	1	1	0	0.400000000000000	0	0	0	0	0
86	0	0	1	0.100000000000000	0.400000000000000	0	4	4	0	0
87	0	0	1	0.200000000000000	0.400000000000000	0	4	4	0	0
88	0	0	1	0.300000000000000	0.400000000000000	0	4	4	0	0
89	0	0	1	0.400000000000000	0.400000000000000	0	4	4	0	0
90	0	0	1	0.500000000000000	0.400000000000000	0	4	4	0	0
91	0	0	1	0.600000000000000	0.400000000000000	0	4	4	0	0
92	0	0	1	0.700000000000000	0.400000000000000	0	4	4	0	0
93	0	0	1	0.800000000000000	0.400000000000000	0	4	4	0	0
94	0	0	1	0.900000000000000	0.400000000000000	0	4	4	0	0
95	0	0	1	1	0.400000000000000	0	4	4	0	0
96	0	0	1	1.10000000000000	0.400000000000000	0	4	4	0	0
97	0	0	1	1.20000000000000	0.400000000000000	0	4	4	0	0
98	0	0	1	1.30000000000000	0.400000000000000	0	4	4	0	0
99	0	0	1	1.40000000000000	0.400000000000000	0	4	4	0	0
100	0	0	1	1.50000000000000	0.400000000000000	0	4	4	0	0
101	0	0	1	1.60000000000000	0.400000000000000	0	4	4	0	0
102	0	0	1	1.70000000000000	0.400000000000000	0	4	4	0	0
103	0	0	1	1.80000000000000	0.400000000000000	0	4	4	0	0
104	0	0	1	1.90000000000000	0.400000000000000	0	4	4	0	0
105	0	0	1	2	0.400000000000000	0	4	4	0	0
106	1	1	1	0	0.500000000000000	0	0	0	0	0
107	0	0	1	0.100000000000000	0.500000000000000	0	4	4	0	0
108	0	0	1	0.200000000000000	0.500000000000000	0	4	4	0	0
109	0	0	1	0.300000000000000	0.500000000000000	0	4	4	0	0
110	0	0	1	0.400000000000000	0.500000000000000	0	4	4	0	0
111	0	0	1	0.500000000000000	0.500000000000000	0	4	4	0	0
112	0	0	1	0.600000000000000	0.500000000000000	0	4	4	0	0
113	0	0	1	0.700000000000000	0.500000000000000	0	4	4	0	0
114	0	0	1	0.800000000000000	0.500000000000000	0	4	4	0	0
115	0	0	1	0.900000000000000	0.500000000000000	0	4	4	0	0
116	0	0	1	1	0.500000000000000	0	4	4	0	0
117	0	0	1	1.10000000000000	0.500000000000000	0	4	4	0	0
118	0	0	1	1.20000000000000	0.500000000000000	0	4	4	0	0
119	0	0	1	1.30000000000000	0.500000000000000	0	4	4	0	0
120	0	0	1	1.40000000000000	0.500000000000000	0	4	4	0	0
121	0	0	1	1.50000000000000	0.500000000000000	0	4	4	0	0
122	0	0	1	1.60000000000000	0.500000000000000	0	4	4	0	0
123	0	0	1	1.70000000000000	0.500000000000000	0	4	4	0	0
124	0	0	1	1.80000000000000	0.500000000000000	0	4	4	0	0
125	0	0	1	1.90000000000000	0.500000000000000	0	4	4	0	0
126	0	0	1	2	0.500000000000000	0	4	4	0	0
127	1	1	1	0	0.600000000000000	0	0	0	0	0
128	0	0	1	0.100000000000000	0.600000000000000	0	4	4	0	0
129	0	0	1	0.200000000000000	0.600000000000000	0	4	4	0	0
130	0	0	1	0.300000000000000	0.600000000000000	0	4	4	0	0
131	0	0	1	0.400000000000000	0.600000000000000	0	4	4	0	0
132	0	0	1	0.500000000000000	0.600000000000000	0	4	4	0	0
133	0	0	1	0.600000000000000	0.600000000000000	0	4	4	0	0
134	0	0	1	0.700000000000000	0.600000000000000	0	4	4	0	0
135	0	0	1	0.800000000000000	0.600000000000000	0	4	4	0	0
136	0	0	1	0.900000000000000	0.600000000000000	0	4	4	0	0
137	0	0	1	1	0.600000000000000	0	4	4	0	0
138	0	0	1	1.10000000000000	0.600000000000000	0	4	4	0	0
139	0	0	1	1.20000000000000	0.600000000000000	0	4	4	0	0
140	0	0	1	1.30000000000000	0.600000000000000	0	4	4	0	0
141	0	0	1	1.40000000000000	0.600000000000000	0	4	4	0	0
142	0	0	1	1.50000000000000	0.600000000000000	0	4	4	0	0
143	0	0	1	1.60000000000000	0.600000000000000	0	4	4	0	0
144	0	0	1	1.70000000000000	0.600000000000000	0	4	4	0	0
145	0	0	1	1.80000000000000	0.600000000000000	0	4	4	0	0
146	0	0	1	1.90000000000000	0.600000000000000	0	4	4	0	0
147	0	0	1	2	0.600000000000000	0	4	4	0	0
148	1	1	1	0	0.700000000000000	0	0	0	0	0
149	0	0	1	0.100000000000000	0.700000000000000	0	4	4	0	0
150	0	0	1	0.200000000000000	0.700000000000000	0	4	4	0	0
151	0	0	1	0.300000000000000	0.700000000000000	0	4	4	0	0
152	0	0	1	0.400000000000000	0.700000000000000	0	4	4	0	0
153	0	0	1	0.500000000000000	0.700000000000000	0	4	4	0	0
154	0	0	1	0.600000000000000	0.700000000000000	0	4	4	0	0
155	0	0	1	0.700000000000000	0.700000000000000	0	4	4	0	0
156	0	0	1	0.800000000000000	0.700000000000000	0	4	4	0	0
157	0	0	1	0.900000000000000	0.700000000000000	0	4	4	0	0
158	0	0	1	1	0.700000000000000	0	4	4	0	0
159	0	0	1	1.10000000000000	0.700000000000000	0	4	4	0	0
160	0	0	1	1.20000000000000	0.700000000000000	0	4	4	0	0
161	0	0	1	1.30000000000000	0.700000000000000	0	4	4	0	0
162	0	0	1	1.40000000000000	0.700000000000000	0	4	4	0	0
163	0	0	1	1.50000000000000	0.700000000000000	0	4	4	0	0
164	0	0	1	1.60000000000000	0.700000000000000	0	4	4	0	0
165	0	0	1	1.70000000000000	0.700000000000000	0	4	4	0	0
166	0	0	1	1.80000000000000	0.700000000000000	0	4	4	0	0
167	0	0	1	1.90000000000000	0.700000000000000	0	4	4	0	0
168	0	0	1	2	0.700000000000000	0	4	4	0	0
169	1	1	1	0	0.800000000000000	0	0	0	0	0
170	0	0	1	0.100000000000000	0.800000000000000	0	4	4	0	0
171	0	0	1	0.200000000000000	0.800000000000000	0	4	4	0	0
172	0	0	1	0.300000000000000	0.800000000000000	0	4	4	0	0
173	0	0	1	0.400000000000000	0.800000000000000	0	4	4	0	0
174	0	0	1	0.500000000000000	0.800000000000000	0	4	4	0	0
175	0	0	1	0.600000000000000	0.800000000000000	0	4	4	0	0
176	0	0	1	0.700000000000000	0.800000000000000	0	4	4	0	0
177	0	0	1	0.800000000000000	0.800000000000000	0	4	4	0	0
178	0	0	1	0.900000000000000	0.800000000000000	0	4	4	0	0
179	0	0	1	1	0.800000000000000	0	4	4	0	0
180	0	0	1	1.10000000000000	0.800000000000000	0	4	4	0	0
181	0	0	1	1.20000000000000	0.800000000000000	0	4	4	0	0
182	0	0	1	1.30000000000000	0.800000000000000	0	4	4	0	0
183	0	0	1	1.40000000000000	0.800000000000000	0	4	4	0	0
184	0	0	1	1.50000000000000	0.800000000000000	0	4	4	0	0
185	0	0	1	1.60000000000000	0.800000000000000	0	4	4	0	0
186	0	0	1	1.70000000000000	0.800000000000000	0	4	4	0	0
187	0	0	1	1.80000000000000	0.800000000000000	0	4	4	0	0
188	0	0	1	1.90000000000000	0.800000000000000	0	4	4	0	0
189	0	0	1	2	0.800000000000000	0	4	4	0	0
190	1	1	1	0	0.900000000000000	0	0	0	0	0
191	0	0	1	0.100000000000000	0.900000000000000	0	4	4	0	0
192	0	0	1	0.200000000000000	0.900000000000000	0	4	4	0	0
193	0	0	1	0.300000000000000	0.900000000000000	0	4	4	0	0
194	0	0	1	0.400000000000000	0.900000000000000	0	4	4	0	0
195	0	0	1	0.500000000000000	0.900000000000000	0	4	4	0	0
196	0	0	1	0.600000000000000	0.900000000000000	0	4	4	0	0
197	0	0	1	0.700000000000000	0.900000000000000	0	4	4	0	0
198	0	0	1	0.800000000000000	0.900000000000000	0	4	4	0	0
199	0	0	1	0.900000000000000	0.900000000000000	0	4	4	0	0
200	0	0	1	1	0.900000000000000	0	4	4	0	0
201	0	0	1	1.10000000000000	0.900000000000000	0	4	4	0	0
202	0	0	1	1.20000000000000	0.900000000000000	0	4	4	0	0
203	0	0	1	1.30000000000000	0.900000000000000	0	4	4	0	0
204	0	0	1	1.40000000000000	0.900000000000000	0	4	4	0	0
205	0	0	1	1.50000000000000	0.900000000000000	0	4	4	0	0
206	0	0	1	1.60000000000000	0.900000000000000	0	4	4	0	0
207	0	0	1	1.70000000000000	0.900000000000000	0	4	4	0	0
208	0	0	1	1.80000000000000	0.900000000000000	0	4	4	0	0
209	0	0	1	1.90000000000000	0.900000000000000	0	4	4	0	0
210	0	0	1	2	0.900000000000000	0	4	4	0	0
211	1	1	1	0	1	0	0	0	0	0
212	0	0	1	0.100000000000000	1	0	4	4	0	0
213	0	0	1	0.200000000000000	1	0	4	4	0	0
214	0	0	1	0.300000000000000	1	0	4	4	0	0
215	0	0	1	0.400000000000000	1	0	4	4	0	0
216	0	0	1	0.500000000000000	1	0	4	4	0	0
217	0	0	1	0.600000000000000	1	0	4	4	0	0
218	0	0	1	0.700000000000000	1	0	4	4	0	0
219	0	0	1	0.800000000000000	1	0	4	4	0	0
220	0	0	1	0.900000000000000	1	0	4	4	0	0
221	0	0	1	1	1	0	4	4	0	0
222	0	0	1	1.10000000000000	1	0	4	4	0	0
223	0	0	1	1.20000000000000	1	0	4	4	0	0
224	0	0	1	1.30000000000000	1	0	4	4	0	0
225	0	0	1	1.40000000000000	1	0	4	4	0	0
226	0	0	1	1.50000000000000	1	0	4	4	0	0
227	0	0	1	1.60000000000000	1	0	4	4	0	0
228	0	0	1	1.70000000000000	1	0	4	4	0	0
229	0	0	1	1.80000000000000	1	0	4	4	0	0
230	0	0	1	1.90000000000000	1	0	4	4	0	0
231	0	0	1	2	1	0	4	4	0	0
232	1	1	1	0	1.10000000000000	0	0	0	0	0
233	0	0	1	0.100000000000000	1.10000000000000	0	4	4	0	0
234	0	0	1	0.200000000000000	1.10000000000000	0	4	4	0	0
235	0	0	1	0.300000000000000	1.10000000000000	0	4	4	0	0
236	0	0	1	0.400000000000000	1.10000000000000	0	4	4	0	0
237	0	0	1	0.500000000000000	1.10000000000000	0	4	4	0	0
238	0	0	1	0.600000000000000	1.10000000000000	0	4	4	0	0
239	0	0	1	0.700000000000000	1.10000000000000	0	4	4	0	0
240	0	0	1	0.800000000000000	1.10000000000000	0	4	4	0	0
241	0	0	1	0.900000000000000	1.10000000000000	0	4	4	0	0
242	0	0	1	1	1.10000000000000	0	4	4	0	0
243	0	0	1	1.10000000000000	1.10000000000000	0	4	4	0	0
244	0	0	1	1.20000000000000	1.10000000000000	0	4	4	0	0
245	0	0	1	1.30000000000000	1.10000000000000	0	4	4	0	0
246	0	0	1	1.40000000000000	1.10000000000000	0	4	4	0	0
247	0	0	1	1.50000000000000	1.10000000000000	0	4	4	0	0
248	0	0	1	1.60000000000000	1.10000000000000	0	4	4	0	0
249	0	0	1	1.70000000000000	1.10000000000000	0	4	4	0	0
250	0	0	1	1.80000000000000	1.10000000000000	0	4	4	0	0
251	0	0	1	1.90000000000000	1.10000000000000	0	4	4	0	0
252	0	0	1	2	1.10000000000000	0	4	4	0	0
253	1	1	1	0	1.20000000000000	0	0	0	0	0
254	0	0	1	0.100000000000000	1.20000000000000	0	4	4	0	0
255	0	0	1	0.200000000000000	1.20000000000000	0	4	4	0	0
256	0	0	1	0.300000000000000	1.20000000000000	0	4	4	0	0
257	0	0	1	0.400000000000000	1.20000000000000	0	4	4	0	0
258	0	0	1	0.500000000000000	1.20000000000000	0	4	4	0	0
259	0	0	1	0.600000000000000	1.20000000000000	0	4	4	0	0
260	0	0	1	0.700000000000000	1.20000000000000	0	4	4	0	0
261	0	0	1	0.800000000000000	1.20000000000000	0	4	4	0	0
262	0	0	1	0.900000000000000	1.20000000000000	0	4	4	0	0
263	0	0	1	1	1.20000000000000	0	4	4	0	0
264	0	0	1	1.10000000000000	1.20000000000000	0	4	4	0	0
265	0	0	1	1.20000000000000	1.20000000000000	0	4	4	0	0
266	0	0	1	1.30000000000000	1.20000000000000	0	4	4	0	0
267	0	0	1	1.40000000000000	1.20000000000000	0	4	4	0	0
268	0	0	1	1.50000000000000	1.20000000000000	0	4	4	0	0
269	0	0	1	1.60000000000000	1.20000000000000	0	4	4	0	0
270	0	0	1	1.70000000000000	1.20000000000000	0	4	4	0	0
271	0	0	1	1.80000000000000	1.20000000000000	0	4	4	0	0
272	0	0	1	1.90000000000000	1.20000000000000	0	4	4	0	0
273	0	0	1	2	1.20000000000000	0	4	4	0	0
274	1	1	1	0	1.30000000000000	0	0	0	0	0
275	0	0	1	0.100000000000000	1.30000000000000	0	4	4	0	0
276	0	0	1	0.200000000000000	1.30000000000000	0	4	4	0	0
277	0	0	1	0.300000000000000	1.30000000000000	0	4	4	0	0
278	0	0	1	0.400000000000000	1.30000000000000	0	4	4	0	0
279	0	0	1	0.500000000000000	1.30000000000000	0	4	4	0	0
280	0	0	1	0.600000000000000	1.30000000000000	0	4	4	0	0
281	0	0	1	0.700000000000000	1.30000000000000	0	4	4	0	0
282	0	0	1	0.800000000000000	1.30000000000000	0	4	4	0	0
283	0	0	1	0.900000000000000	1.30000000000000	0	4	4	0	0
284	0	0	1	1	1.30000000000000	0	4	4	0	0
285	0	0	1	1.10000000000000	1.30000000000000	0	4	4	0	0
286	0	0	1	1.20000000000000	1.30000000000000	0	4	4	0	0
287	0	0	1	1.30000000000000	1.30000000000000	0	4	4	0	0
288	0	0	1	1.40000000000000	1.30000000000000	0	4	4	0	0
289	0	0	1	1.50000000000000	1.30000000000000	0	4	4	0	0
290	0	0	1	1.60000000000000	1.30000000000000	0	4	4	0	0
291	0	0	1	1.70000000000000	1.30000000000000	0	4	4	0	0
292	0	0	1	1.80000000000000	1.30000000000000	0	4	4	0	0
293	0	0	1	1.90000000000000	1.30000000000000	0	4	4	0	0
294	0	0	1	2	1.30000000000000	0	4	4	0	0
295	1	1	1	0	1.40000000000000	0	0	0	0	0
296	0	0	1	0.100000000000000	1.40000000000000	0	4	4	0	0
297	0	0	1	0.200000000000000	1.40000000000000	0	4	4	0	0
298	0	0	1	0.300000000000000	1.40000000000000	0	4	4	0	0
299	0	0	1	0.400000000000000	1.40000000000000	0	4	4	0	0
300	0	0	1	0.500000000000000	1.40000000000000	0	4	4	0	0
301	0	0	1	0.600000000000000	1.40000000000000	0	4	4	0	0
302	0	0	1	0.700000000000000	1.40000000000000	0	4	4	0	0
303	0	0	1	0.800000000000000	1.40000000000000	0	4	4	0	0
304	0	0	1	0.900000000000000	1.40000000000000	0	4	4	0	0
305	0	0	1	1	1.40000000000000	0	4	4	0	0
306	0	0	1	1.10000000000000	1.40000000000000	0	4	4	0	0
307	0	0	1	1.20000000000000	1.40000000000000	0	4	4	0	0
308	0	0	1	1.30000000000000	1.40000000000000	0	4	4	0	0
309	0	0	1	1.40000000000000	1.40000000000000	0	4	4	0	0
310	0	0	1	1.50000000000000	1.40000000000000	0	4	4	0	0
311	0	0	1	1.60000000000000	1.40000000000000	0	4	4	0	0
312	0	0	1	1.70000000000000	1.40000000000000	0	4	4	0	0
313	0	0	1	1.80000000000000	1.40000000000000	0	4	4	0	0
314	0	0	1	1.90000000000000	1.40000000000000	0	4	4	0	0
315	0	0	1	2	1.40000000000000	0	4	4	0	0
316	1	1	1	0	1.50000000000000	0	0	0	0	0
317	0	0	1	0.100000000000000	1.50000000000000	0	4	4	0	0
318	0	0	1	0.200000000000000	1.50000000000000	0	4	4	0	0
319	0	0	1	0.300000000000000	1.50000000000000	0	4	4	0	0
320	0	0	1	0.400000000000000	1.50000000000000	0	4	4	0	0
321	0	0	1	0.500000000000000	1.50000000000000	0	4	4	0	0
322	0	0	1	0.600000000000000	1.50000000000000	0	4	4	0	0
323	0	0	1	0.700000000000000	1.50000000000000	0	4	4	0	0
324	0	0	1	0.800000000000000	1.50000000000000	0	4	4	0	0
325	0	0	1	0.900000000000000	1.50000000000000	0	4	4	0	0
326	0	0	1	1	1.50000000000000	0	4	4	0	0
327	0	0	1	1.10000000000000	1.50000000000000	0	4	4	0	0
328	0	0	1	1.20000000000000	1.50000000000000	0	4	4	0	0
329	0	0	1	1.30000000000000	1.50000000000000	0	4	4	0	0
330	0	0	1	1.40000000000000	1.50000000000000	0	4	4	0	0
331	0	0	1	1.50000000000000	1.50000000000000	0	4	4	0	0
332	0	0	1	1.60000000000000	1.50000000000000	0	4	4	0	0
333	0	0	1	1.70000000000000	1.50000000000000	0	4	4	0	0
334	0	0	1	1.80000000000000	1.50000000000000	0	4	4	0	0
335	0	0	1	1.90000000000000	1.50000000000000	0	4	4	0	0
336	0	0	1	2	1.50000000000000	0	4	4	0	0
337	1	1	1	0	1.60000000000000	0	0	0	0	0
338	0	0	1	0.100000000000000	1.60000000000000	0	4	4	0	0
339	0	0	1	0.200000000000000	1.60000000000000	0	4	4	0	0
340	0	0	1	0.300000000000000	1.60000000000000	0	4	4	0	0
341	0	0	1	0.400000000000000	1.60000000000000	0	4	4	0	0
342	0	0	1	0.500000000000000	1.60000000000000	0	4	4	0	0
343	0	0	1	0.600000000000000	1.60000000000000	0	4	4	0	0
344	0	0	1	0.700000000000000	1.60000000000000	0	4	4	0	0
345	0	0	1	0.800000000000000	1.60000000000000	0	4	4	0	0
346	0	0	1	0.900000000000000	1.60000000000000	0	4	4	0	0
347	0	0	1	1	1.60000000000000	0	4	4	0	0
348	0	0	1	1.10000000000000	1.60000000000000	0	4	4	0	0
349	0	0	1	1.20000000000000	1.60000000000000	0	4	4	0	0
350	0	0	1	1.30000000000000	1.60000000000000	0	4	4	0	0
351	0	0	1	1.40000000000000	1.60000000000000	0	4	4	0	0
352	0	0	1	1.50000000000000	1.60000000000000	0	4	4	0	0
353	0	0	1	1.60000000000000	1.60000000000000	0	4	4	0	0
354	0	0	1	1.70000000000000	1.60000000000000	0	4	4	0	0
355	0	0	1	1.80000000000000	1.60000000000000	0	4	4	0	0
356	0	0	1	1.90000000000000	1.60000000000000	0	4	4	0	0
357	0	0	1	2	1.60000000000000	0	4	4	0	0
358	1	1	1	0	1.70000000000000	0	0	0	0	0
359	0	0	1	0.100000000000000	1.70000000000000	0	4	4	0	0
360	0	0	1	0.200000000000000	1.70000000000000	0	4	4	0	0
361	0	0	1	0.300000000000000	1.70000000000000	0	4	4	0	0
362	0	0	1	0.400000000000000	1.70000000000000	0	4	4	0	0
363	0	0	1	0.500000000000000	1.70000000000000	0	4	4	0	0
364	0	0	1	0.600000000000000	1.70000000000000	0	4	4	0	0
365	0	0	1	0.700000000000000	1.70000000000000	0	4	4	0	0
366	0	0	1	0.800000000000000	1.70000000000000	0	4	4	0	0
367	0	0	1	0.900000000000000	1.70000000000000	0	4	4	0	0
368	0	0	1	1	1.70000000000000	0	4	4	0	0
369	0	0	1	1.10000000000000	1.70000000000000	0	4	4	0	0
370	0	0	1	1.20000000000000	1.70000000000000	0	4	4	0	0
371	0	0	1	1.30000000000000	1.70000000000000	0	4	4	0	0
372	0	0	1	1.40000000000000	1.70000000000000	0	4	4	0	0
373	0	0	1	1.50000000000000	1.70000000000000	0	4	4	0	0
374	0	0	1	1.60000000000000	1.70000000000000	0	4	4	0	0
375	0	0	1	1.70000000000000	1.70000000000000	0	4	4	0	0
376	0	0	1	1.80000000000000	1.70000000000000	0	4	4	0	0
377	0	0	1	1.90000000000000	1.70000000000000	0	4	4	0	0
378	0	0	1	2	1.70000000000000	0	4	4	0	0
379	1	1	1	0	1.80000000000000	0	0	0	0	0
380	0	0	1	0.100000000000000	1.80000000000000	0	4	4	0	0
381	0	0	1	0.200000000000000	1.80000000000000	0	4	4	0	0
382	0	0	1	0.300000000000000	1.80000000000000	0	4	4	0	0
383	0	0	1	0.400000000000000	1.80000000000000	0	4	4	0	0
384	0	0	1	0.500000000000000	1.80000000000000	0	4	4	0	0
385	0	0	1	0.600000000000000	1.80000000000000	0	4	4	0	0
386	0	0	1	0.700000000000000	1.80000000000000	0	4	4	0	0
387	0	0	1	0.800000000000000	1.80000000000000	0	4	4	0	0
388	0	0	1	0.900000000000000	1.80000000000000	0	4	4	0	0
389	0	0	1	1	1.80000000000000	0	4	4	0	0
390	0	0	1	1.10000000000000	1.80000000000000	0	4	4	0	0
391	0	0	1	1.20000000000000	1.80000000000000	0	4	4	0	0
392	0	0	1	1.30000000000000	1.80000000000000	0	4	4	0	0
393	0	0	1	1.40000000000000	1.80000000000000	0	4	4	0	0
394	0	0	1	1.50000000000000	1.80000000000000	0	4	4	0	0
395	0	0	1	1.60000000000000	1.80000000000000	0	4	4	0	0
396	0	0	1	1.70000000000000	1.80000000000000	0	4	4	0	0
397	0	0	1	1.80000000000000	1.80000000000000	0	4	4	0	0
398	0	0	1	1.90000000000000	1.80000000000000	0	4	4	0	0
399	0	0	1	2	1.80000000000000	0	4	4	0	0
400	1	1	1	0	1.90000000000000	0	0	0	0	0
401	0	0	1	0.100000000000000	1.90000000000000	0	4	4	0	0
402	0	0	1	0.200000000000000	1.90000000000000	0	4	4	0	0
403	0	0	1	0.300000000000000	1.90000000000000	0	4	4	0	0
404	0	0	1	0.400000000000000	1.90000000000000	0	4	4	0	0
405	0	0	1	0.500000000000000	1.90000000000000	0	4	4	0	0
406	0	0	1	0.600000000000000	1.90000000000000	0	4	4	0	0
407	0	0	1	0.700000000000000	1.90000000000000	0	4	4	0	0
408	0	0	1	0.800000000000000	1.90000000000000	0	4	4	0	0
409	0	0	1	0.900000000000000	1.90000000000000	0	4	4	0	0
410	0	0	1	1	1.90000000000000	0	4	4	0	0
411	0	0	1	1.10000000000000	1.90000000000000	0	4	4	0	0
412	0	0	1	1.20000000000000	1.90000000000000	0	4	4	0	0
413	0	0	1	1.30000000000000	1.90000000000000	0	4	4	0	0
414	0	0	1	1.40000000000000	1.90000000000000	0	4	4	0	0
415	0	0	1	1.50000000000000	1.90000000000000	0	4	4	0	0
416	0	0	1	1.60000000000000	1.90000000000000	0	4	4	0	0
417	0	0	1	1.70000000000000	1.90000000000000	0	4	4	0	0
418	0	0	1	1.80000000000000	1.90000000000000	0	4	4	0	0
419	0	0	1	1.90000000000000	1.90000000000000	0	4	4	0	0
420	0	0	1	2	1.90000000000000	0	4	4	0	0
421	1	1	1	0	2	0	0	0	0	0
422	0	0	1	0.100000000000000	2	0	4	4	0	0
423	0	0	1	0.200000000000000	2	0	4	4	0	0
424	0	0	1	0.300000000000000	2	0	4	4	0	0
425	0	0	1	0.400000000000000	2	0	4	4	0	0
426	0	0	1	0.500000000000000	2	0	4	4	0	0
427	0	0	1	0.600000000000000	2	0	4	4	0	0
428	0	0	1	0.700000000000000	2	0	4	4	0	0
429	0	0	1	0.800000000000000	2	0	4	4	0	0
430	0	0	1	0.900000000000000	2	0	4	4	0	0
431	0	0	1	1	2	0	4	4	0	0
432	0	0	1	1.10000000000000	2	0	4	4	0	0
433	0	0	1	1.20000000000000	2	0	4	4	0	0
434	0	0	1	1.30000000000000	2	0	4	4	0	0
435	0	0	1	1.40000000000000	2	0	4	4	0	0
436	0	0	1	1.50000000000000	2	0	4	4	0	0
437	0	0	1	1.60000000000000	2	0	4	4	0	0
438	0	0	1	1.70000000000000	2	0	4	4	0	0
439	0	0	1	1.80000000000000	2	0	4	4	0	0
440	0	0	1	1.90000000000000	2	0	4	4	0	0
441	0	0	1	2	2	0	4	4	0	0
0	0	0	0	0	0	0	0	0	0	0
 	\MATERIAL !SET    E    PR   DENSITY  THIC
	            1   100   0.3     1560    1
		    0     0     0        0    0
!	\LOAD  !N IDIRN FLOAD  NFUNC
        \ELEMENT
	\FEMC_QUADS
	 ITYPE: 1 MTYPE: 1 NUMOFE: 800 NUMELE: 441 NGDOF: 5 
	\END    !N  NODE  IND(2,N) RAD(2,N) INDSP KN 
1	1	1	1	0.100000000000000	0
2	2	0	0	0.100000000000000	0
3	3	0	0	0.100000000000000	0
4	4	0	0	0.100000000000000	0
5	5	0	0	0.100000000000000	0
6	6	0	0	0.100000000000000	0
7	7	0	0	0.100000000000000	0
8	8	0	0	0.100000000000000	0
9	9	0	0	0.100000000000000	0
10	10	0	0	0.100000000000000	0
11	11	0	0	0.100000000000000	0
12	12	0	0	0.100000000000000	0
13	13	0	0	0.100000000000000	0
14	14	0	0	0.100000000000000	0
15	15	0	0	0.100000000000000	0
16	16	0	0	0.100000000000000	0
17	17	0	0	0.100000000000000	0
18	18	0	0	0.100000000000000	0
19	19	0	0	0.100000000000000	0
20	20	0	0	0.100000000000000	0
21	21	0	0	0.100000000000000	0
22	22	1	1	0.100000000000000	0
23	23	0	0	0.100000000000000	0
24	24	0	0	0.100000000000000	0
25	25	0	0	0.100000000000000	0
26	26	0	0	0.100000000000000	0
27	27	0	0	0.100000000000000	0
28	28	0	0	0.100000000000000	0
29	29	0	0	0.100000000000000	0
30	30	0	0	0.100000000000000	0
31	31	0	0	0.100000000000000	0
32	32	0	0	0.100000000000000	0
33	33	0	0	0.100000000000000	0
34	34	0	0	0.100000000000000	0
35	35	0	0	0.100000000000000	0
36	36	0	0	0.100000000000000	0
37	37	0	0	0.100000000000000	0
38	38	0	0	0.100000000000000	0
39	39	0	0	0.100000000000000	0
40	40	0	0	0.100000000000000	0
41	41	0	0	0.100000000000000	0
42	42	0	0	0.100000000000000	0
43	43	1	1	0.100000000000000	0
44	44	0	0	0.100000000000000	0
45	45	0	0	0.100000000000000	0
46	46	0	0	0.100000000000000	0
47	47	0	0	0.100000000000000	0
48	48	0	0	0.100000000000000	0
49	49	0	0	0.100000000000000	0
50	50	0	0	0.100000000000000	0
51	51	0	0	0.100000000000000	0
52	52	0	0	0.100000000000000	0
53	53	0	0	0.100000000000000	0
54	54	0	0	0.100000000000000	0
55	55	0	0	0.100000000000000	0
56	56	0	0	0.100000000000000	0
57	57	0	0	0.100000000000000	0
58	58	0	0	0.100000000000000	0
59	59	0	0	0.100000000000000	0
60	60	0	0	0.100000000000000	0
61	61	0	0	0.100000000000000	0
62	62	0	0	0.100000000000000	0
63	63	0	0	0.100000000000000	0
64	64	1	1	0.100000000000000	0
65	65	0	0	0.100000000000000	0
66	66	0	0	0.100000000000000	0
67	67	0	0	0.100000000000000	0
68	68	0	0	0.100000000000000	0
69	69	0	0	0.100000000000000	0
70	70	0	0	0.100000000000000	0
71	71	0	0	0.100000000000000	0
72	72	0	0	0.100000000000000	0
73	73	0	0	0.100000000000000	0
74	74	0	0	0.100000000000000	0
75	75	0	0	0.100000000000000	0
76	76	0	0	0.100000000000000	0
77	77	0	0	0.100000000000000	0
78	78	0	0	0.100000000000000	0
79	79	0	0	0.100000000000000	0
80	80	0	0	0.100000000000000	0
81	81	0	0	0.100000000000000	0
82	82	0	0	0.100000000000000	0
83	83	0	0	0.100000000000000	0
84	84	0	0	0.100000000000000	0
85	85	1	1	0.100000000000000	0
86	86	0	0	0.100000000000000	0
87	87	0	0	0.100000000000000	0
88	88	0	0	0.100000000000000	0
89	89	0	0	0.100000000000000	0
90	90	0	0	0.100000000000000	0
91	91	0	0	0.100000000000000	0
92	92	0	0	0.100000000000000	0
93	93	0	0	0.100000000000000	0
94	94	0	0	0.100000000000000	0
95	95	0	0	0.100000000000000	0
96	96	0	0	0.100000000000000	0
97	97	0	0	0.100000000000000	0
98	98	0	0	0.100000000000000	0
99	99	0	0	0.100000000000000	0
100	100	0	0	0.100000000000000	0
101	101	0	0	0.100000000000000	0
102	102	0	0	0.100000000000000	0
103	103	0	0	0.100000000000000	0
104	104	0	0	0.100000000000000	0
105	105	0	0	0.100000000000000	0
106	106	1	1	0.100000000000000	0
107	107	0	0	0.100000000000000	0
108	108	0	0	0.100000000000000	0
109	109	0	0	0.100000000000000	0
110	110	0	0	0.100000000000000	0
111	111	0	0	0.100000000000000	0
112	112	0	0	0.100000000000000	0
113	113	0	0	0.100000000000000	0
114	114	0	0	0.100000000000000	0
115	115	0	0	0.100000000000000	0
116	116	0	0	0.100000000000000	0
117	117	0	0	0.100000000000000	0
118	118	0	0	0.100000000000000	0
119	119	0	0	0.100000000000000	0
120	120	0	0	0.100000000000000	0
121	121	0	0	0.100000000000000	0
122	122	0	0	0.100000000000000	0
123	123	0	0	0.100000000000000	0
124	124	0	0	0.100000000000000	0
125	125	0	0	0.100000000000000	0
126	126	0	0	0.100000000000000	0
127	127	1	1	0.100000000000000	0
128	128	0	0	0.100000000000000	0
129	129	0	0	0.100000000000000	0
130	130	0	0	0.100000000000000	0
131	131	0	0	0.100000000000000	0
132	132	0	0	0.100000000000000	0
133	133	0	0	0.100000000000000	0
134	134	0	0	0.100000000000000	0
135	135	0	0	0.100000000000000	0
136	136	0	0	0.100000000000000	0
137	137	0	0	0.100000000000000	0
138	138	0	0	0.100000000000000	0
139	139	0	0	0.100000000000000	0
140	140	0	0	0.100000000000000	0
141	141	0	0	0.100000000000000	0
142	142	0	0	0.100000000000000	0
143	143	0	0	0.100000000000000	0
144	144	0	0	0.100000000000000	0
145	145	0	0	0.100000000000000	0
146	146	0	0	0.100000000000000	0
147	147	0	0	0.100000000000000	0
148	148	1	1	0.100000000000000	0
149	149	0	0	0.100000000000000	0
150	150	0	0	0.100000000000000	0
151	151	0	0	0.100000000000000	0
152	152	0	0	0.100000000000000	0
153	153	0	0	0.100000000000000	0
154	154	0	0	0.100000000000000	0
155	155	0	0	0.100000000000000	0
156	156	0	0	0.100000000000000	0
157	157	0	0	0.100000000000000	0
158	158	0	0	0.100000000000000	0
159	159	0	0	0.100000000000000	0
160	160	0	0	0.100000000000000	0
161	161	0	0	0.100000000000000	0
162	162	0	0	0.100000000000000	0
163	163	0	0	0.100000000000000	0
164	164	0	0	0.100000000000000	0
165	165	0	0	0.100000000000000	0
166	166	0	0	0.100000000000000	0
167	167	0	0	0.100000000000000	0
168	168	0	0	0.100000000000000	0
169	169	1	1	0.100000000000000	0
170	170	0	0	0.100000000000000	0
171	171	0	0	0.100000000000000	0
172	172	0	0	0.100000000000000	0
173	173	0	0	0.100000000000000	0
174	174	0	0	0.100000000000000	0
175	175	0	0	0.100000000000000	0
176	176	0	0	0.100000000000000	0
177	177	0	0	0.100000000000000	0
178	178	0	0	0.100000000000000	0
179	179	0	0	0.100000000000000	0
180	180	0	0	0.100000000000000	0
181	181	0	0	0.100000000000000	0
182	182	0	0	0.100000000000000	0
183	183	0	0	0.100000000000000	0
184	184	0	0	0.100000000000000	0
185	185	0	0	0.100000000000000	0
186	186	0	0	0.100000000000000	0
187	187	0	0	0.100000000000000	0
188	188	0	0	0.100000000000000	0
189	189	0	0	0.100000000000000	0
190	190	1	1	0.100000000000000	0
191	191	0	0	0.100000000000000	0
192	192	0	0	0.100000000000000	0
193	193	0	0	0.100000000000000	0
194	194	0	0	0.100000000000000	0
195	195	0	0	0.100000000000000	0
196	196	0	0	0.100000000000000	0
197	197	0	0	0.100000000000000	0
198	198	0	0	0.100000000000000	0
199	199	0	0	0.100000000000000	0
200	200	0	0	0.100000000000000	0
201	201	0	0	0.100000000000000	0
202	202	0	0	0.100000000000000	0
203	203	0	0	0.100000000000000	0
204	204	0	0	0.100000000000000	0
205	205	0	0	0.100000000000000	0
206	206	0	0	0.100000000000000	0
207	207	0	0	0.100000000000000	0
208	208	0	0	0.100000000000000	0
209	209	0	0	0.100000000000000	0
210	210	0	0	0.100000000000000	0
211	211	1	1	0.100000000000000	0
212	212	0	0	0.100000000000000	0
213	213	0	0	0.100000000000000	0
214	214	0	0	0.100000000000000	0
215	215	0	0	0.100000000000000	0
216	216	0	0	0.100000000000000	0
217	217	0	0	0.100000000000000	0
218	218	0	0	0.100000000000000	0
219	219	0	0	0.100000000000000	0
220	220	0	0	0.100000000000000	0
221	221	0	0	0.100000000000000	0
222	222	0	0	0.100000000000000	0
223	223	0	0	0.100000000000000	0
224	224	0	0	0.100000000000000	0
225	225	0	0	0.100000000000000	0
226	226	0	0	0.100000000000000	0
227	227	0	0	0.100000000000000	0
228	228	0	0	0.100000000000000	0
229	229	0	0	0.100000000000000	0
230	230	0	0	0.100000000000000	0
231	231	0	0	0.100000000000000	0
232	232	1	1	0.100000000000000	0
233	233	0	0	0.100000000000000	0
234	234	0	0	0.100000000000000	0
235	235	0	0	0.100000000000000	0
236	236	0	0	0.100000000000000	0
237	237	0	0	0.100000000000000	0
238	238	0	0	0.100000000000000	0
239	239	0	0	0.100000000000000	0
240	240	0	0	0.100000000000000	0
241	241	0	0	0.100000000000000	0
242	242	0	0	0.100000000000000	0
243	243	0	0	0.100000000000000	0
244	244	0	0	0.100000000000000	0
245	245	0	0	0.100000000000000	0
246	246	0	0	0.100000000000000	0
247	247	0	0	0.100000000000000	0
248	248	0	0	0.100000000000000	0
249	249	0	0	0.100000000000000	0
250	250	0	0	0.100000000000000	0
251	251	0	0	0.100000000000000	0
252	252	0	0	0.100000000000000	0
253	253	1	1	0.100000000000000	0
254	254	0	0	0.100000000000000	0
255	255	0	0	0.100000000000000	0
256	256	0	0	0.100000000000000	0
257	257	0	0	0.100000000000000	0
258	258	0	0	0.100000000000000	0
259	259	0	0	0.100000000000000	0
260	260	0	0	0.100000000000000	0
261	261	0	0	0.100000000000000	0
262	262	0	0	0.100000000000000	0
263	263	0	0	0.100000000000000	0
264	264	0	0	0.100000000000000	0
265	265	0	0	0.100000000000000	0
266	266	0	0	0.100000000000000	0
267	267	0	0	0.100000000000000	0
268	268	0	0	0.100000000000000	0
269	269	0	0	0.100000000000000	0
270	270	0	0	0.100000000000000	0
271	271	0	0	0.100000000000000	0
272	272	0	0	0.100000000000000	0
273	273	0	0	0.100000000000000	0
274	274	1	1	0.100000000000000	0
275	275	0	0	0.100000000000000	0
276	276	0	0	0.100000000000000	0
277	277	0	0	0.100000000000000	0
278	278	0	0	0.100000000000000	0
279	279	0	0	0.100000000000000	0
280	280	0	0	0.100000000000000	0
281	281	0	0	0.100000000000000	0
282	282	0	0	0.100000000000000	0
283	283	0	0	0.100000000000000	0
284	284	0	0	0.100000000000000	0
285	285	0	0	0.100000000000000	0
286	286	0	0	0.100000000000000	0
287	287	0	0	0.100000000000000	0
288	288	0	0	0.100000000000000	0
289	289	0	0	0.100000000000000	0
290	290	0	0	0.100000000000000	0
291	291	0	0	0.100000000000000	0
292	292	0	0	0.100000000000000	0
293	293	0	0	0.100000000000000	0
294	294	0	0	0.100000000000000	0
295	295	1	1	0.100000000000000	0
296	296	0	0	0.100000000000000	0
297	297	0	0	0.100000000000000	0
298	298	0	0	0.100000000000000	0
299	299	0	0	0.100000000000000	0
300	300	0	0	0.100000000000000	0
301	301	0	0	0.100000000000000	0
302	302	0	0	0.100000000000000	0
303	303	0	0	0.100000000000000	0
304	304	0	0	0.100000000000000	0
305	305	0	0	0.100000000000000	0
306	306	0	0	0.100000000000000	0
307	307	0	0	0.100000000000000	0
308	308	0	0	0.100000000000000	0
309	309	0	0	0.100000000000000	0
310	310	0	0	0.100000000000000	0
311	311	0	0	0.100000000000000	0
312	312	0	0	0.100000000000000	0
313	313	0	0	0.100000000000000	0
314	314	0	0	0.100000000000000	0
315	315	0	0	0.100000000000000	0
316	316	1	1	0.100000000000000	0
317	317	0	0	0.100000000000000	0
318	318	0	0	0.100000000000000	0
319	319	0	0	0.100000000000000	0
320	320	0	0	0.100000000000000	0
321	321	0	0	0.100000000000000	0
322	322	0	0	0.100000000000000	0
323	323	0	0	0.100000000000000	0
324	324	0	0	0.100000000000000	0
325	325	0	0	0.100000000000000	0
326	326	0	0	0.100000000000000	0
327	327	0	0	0.100000000000000	0
328	328	0	0	0.100000000000000	0
329	329	0	0	0.100000000000000	0
330	330	0	0	0.100000000000000	0
331	331	0	0	0.100000000000000	0
332	332	0	0	0.100000000000000	0
333	333	0	0	0.100000000000000	0
334	334	0	0	0.100000000000000	0
335	335	0	0	0.100000000000000	0
336	336	0	0	0.100000000000000	0
337	337	1	1	0.100000000000000	0
338	338	0	0	0.100000000000000	0
339	339	0	0	0.100000000000000	0
340	340	0	0	0.100000000000000	0
341	341	0	0	0.100000000000000	0
342	342	0	0	0.100000000000000	0
343	343	0	0	0.100000000000000	0
344	344	0	0	0.100000000000000	0
345	345	0	0	0.100000000000000	0
346	346	0	0	0.100000000000000	0
347	347	0	0	0.100000000000000	0
348	348	0	0	0.100000000000000	0
349	349	0	0	0.100000000000000	0
350	350	0	0	0.100000000000000	0
351	351	0	0	0.100000000000000	0
352	352	0	0	0.100000000000000	0
353	353	0	0	0.100000000000000	0
354	354	0	0	0.100000000000000	0
355	355	0	0	0.100000000000000	0
356	356	0	0	0.100000000000000	0
357	357	0	0	0.100000000000000	0
358	358	1	1	0.100000000000000	0
359	359	0	0	0.100000000000000	0
360	360	0	0	0.100000000000000	0
361	361	0	0	0.100000000000000	0
362	362	0	0	0.100000000000000	0
363	363	0	0	0.100000000000000	0
364	364	0	0	0.100000000000000	0
365	365	0	0	0.100000000000000	0
366	366	0	0	0.100000000000000	0
367	367	0	0	0.100000000000000	0
368	368	0	0	0.100000000000000	0
369	369	0	0	0.100000000000000	0
370	370	0	0	0.100000000000000	0
371	371	0	0	0.100000000000000	0
372	372	0	0	0.100000000000000	0
373	373	0	0	0.100000000000000	0
374	374	0	0	0.100000000000000	0
375	375	0	0	0.100000000000000	0
376	376	0	0	0.100000000000000	0
377	377	0	0	0.100000000000000	0
378	378	0	0	0.100000000000000	0
379	379	1	1	0.100000000000000	0
380	380	0	0	0.100000000000000	0
381	381	0	0	0.100000000000000	0
382	382	0	0	0.100000000000000	0
383	383	0	0	0.100000000000000	0
384	384	0	0	0.100000000000000	0
385	385	0	0	0.100000000000000	0
386	386	0	0	0.100000000000000	0
387	387	0	0	0.100000000000000	0
388	388	0	0	0.100000000000000	0
389	389	0	0	0.100000000000000	0
390	390	0	0	0.100000000000000	0
391	391	0	0	0.100000000000000	0
392	392	0	0	0.100000000000000	0
393	393	0	0	0.100000000000000	0
394	394	0	0	0.100000000000000	0
395	395	0	0	0.100000000000000	0
396	396	0	0	0.100000000000000	0
397	397	0	0	0.100000000000000	0
398	398	0	0	0.100000000000000	0
399	399	0	0	0.100000000000000	0
400	400	1	1	0.100000000000000	0
401	401	0	0	0.100000000000000	0
402	402	0	0	0.100000000000000	0
403	403	0	0	0.100000000000000	0
404	404	0	0	0.100000000000000	0
405	405	0	0	0.100000000000000	0
406	406	0	0	0.100000000000000	0
407	407	0	0	0.100000000000000	0
408	408	0	0	0.100000000000000	0
409	409	0	0	0.100000000000000	0
410	410	0	0	0.100000000000000	0
411	411	0	0	0.100000000000000	0
412	412	0	0	0.100000000000000	0
413	413	0	0	0.100000000000000	0
414	414	0	0	0.100000000000000	0
415	415	0	0	0.100000000000000	0
416	416	0	0	0.100000000000000	0
417	417	0	0	0.100000000000000	0
418	418	0	0	0.100000000000000	0
419	419	0	0	0.100000000000000	0
420	420	0	0	0.100000000000000	0
421	421	1	1	0.100000000000000	0
422	422	0	0	0.100000000000000	0
423	423	0	0	0.100000000000000	0
424	424	0	0	0.100000000000000	0
425	425	0	0	0.100000000000000	0
426	426	0	0	0.100000000000000	0
427	427	0	0	0.100000000000000	0
428	428	0	0	0.100000000000000	0
429	429	0	0	0.100000000000000	0
430	430	0	0	0.100000000000000	0
431	431	0	0	0.100000000000000	0
432	432	0	0	0.100000000000000	0
433	433	0	0	0.100000000000000	0
434	434	0	0	0.100000000000000	0
435	435	0	0	0.100000000000000	0
436	436	0	0	0.100000000000000	0
437	437	0	0	0.100000000000000	0
438	438	0	0	0.100000000000000	0
439	439	0	0	0.100000000000000	0
440	440	0	0	0.100000000000000	0
441	441	0	0	0.100000000000000	0
0	0	0	0	0			0
 	       !N   ELE1  ELE2  ELE3     KN
1	1	23	22		0
2	1	2	23		0
3	2	24	23		0
4	2	3	24		0
5	3	25	24		0
6	3	4	25		0
7	4	26	25		0
8	4	5	26		0
9	5	27	26		0
10	5	6	27		0
11	6	28	27		0
12	6	7	28		0
13	7	29	28		0
14	7	8	29		0
15	8	30	29		0
16	8	9	30		0
17	9	31	30		0
18	9	10	31		0
19	10	32	31		0
20	10	11	32		0
21	11	33	32		0
22	11	12	33		0
23	12	34	33		0
24	12	13	34		0
25	13	35	34		0
26	13	14	35		0
27	14	36	35		0
28	14	15	36		0
29	15	37	36		0
30	15	16	37		0
31	16	38	37		0
32	16	17	38		0
33	17	39	38		0
34	17	18	39		0
35	18	40	39		0
36	18	19	40		0
37	19	41	40		0
38	19	20	41		0
39	20	42	41		0
40	20	21	42		0
41	22	44	43		0
42	22	23	44		0
43	23	45	44		0
44	23	24	45		0
45	24	46	45		0
46	24	25	46		0
47	25	47	46		0
48	25	26	47		0
49	26	48	47		0
50	26	27	48		0
51	27	49	48		0
52	27	28	49		0
53	28	50	49		0
54	28	29	50		0
55	29	51	50		0
56	29	30	51		0
57	30	52	51		0
58	30	31	52		0
59	31	53	52		0
60	31	32	53		0
61	32	54	53		0
62	32	33	54		0
63	33	55	54		0
64	33	34	55		0
65	34	56	55		0
66	34	35	56		0
67	35	57	56		0
68	35	36	57		0
69	36	58	57		0
70	36	37	58		0
71	37	59	58		0
72	37	38	59		0
73	38	60	59		0
74	38	39	60		0
75	39	61	60		0
76	39	40	61		0
77	40	62	61		0
78	40	41	62		0
79	41	63	62		0
80	41	42	63		0
81	43	65	64		0
82	43	44	65		0
83	44	66	65		0
84	44	45	66		0
85	45	67	66		0
86	45	46	67		0
87	46	68	67		0
88	46	47	68		0
89	47	69	68		0
90	47	48	69		0
91	48	70	69		0
92	48	49	70		0
93	49	71	70		0
94	49	50	71		0
95	50	72	71		0
96	50	51	72		0
97	51	73	72		0
98	51	52	73		0
99	52	74	73		0
100	52	53	74		0
101	53	75	74		0
102	53	54	75		0
103	54	76	75		0
104	54	55	76		0
105	55	77	76		0
106	55	56	77		0
107	56	78	77		0
108	56	57	78		0
109	57	79	78		0
110	57	58	79		0
111	58	80	79		0
112	58	59	80		0
113	59	81	80		0
114	59	60	81		0
115	60	82	81		0
116	60	61	82		0
117	61	83	82		0
118	61	62	83		0
119	62	84	83		0
120	62	63	84		0
121	64	86	85		0
122	64	65	86		0
123	65	87	86		0
124	65	66	87		0
125	66	88	87		0
126	66	67	88		0
127	67	89	88		0
128	67	68	89		0
129	68	90	89		0
130	68	69	90		0
131	69	91	90		0
132	69	70	91		0
133	70	92	91		0
134	70	71	92		0
135	71	93	92		0
136	71	72	93		0
137	72	94	93		0
138	72	73	94		0
139	73	95	94		0
140	73	74	95		0
141	74	96	95		0
142	74	75	96		0
143	75	97	96		0
144	75	76	97		0
145	76	98	97		0
146	76	77	98		0
147	77	99	98		0
148	77	78	99		0
149	78	100	99		0
150	78	79	100		0
151	79	101	100		0
152	79	80	101		0
153	80	102	101		0
154	80	81	102		0
155	81	103	102		0
156	81	82	103		0
157	82	104	103		0
158	82	83	104		0
159	83	105	104		0
160	83	84	105		0
161	85	107	106		0
162	85	86	107		0
163	86	108	107		0
164	86	87	108		0
165	87	109	108		0
166	87	88	109		0
167	88	110	109		0
168	88	89	110		0
169	89	111	110		0
170	89	90	111		0
171	90	112	111		0
172	90	91	112		0
173	91	113	112		0
174	91	92	113		0
175	92	114	113		0
176	92	93	114		0
177	93	115	114		0
178	93	94	115		0
179	94	116	115		0
180	94	95	116		0
181	95	117	116		0
182	95	96	117		0
183	96	118	117		0
184	96	97	118		0
185	97	119	118		0
186	97	98	119		0
187	98	120	119		0
188	98	99	120		0
189	99	121	120		0
190	99	100	121		0
191	100	122	121		0
192	100	101	122		0
193	101	123	122		0
194	101	102	123		0
195	102	124	123		0
196	102	103	124		0
197	103	125	124		0
198	103	104	125		0
199	104	126	125		0
200	104	105	126		0
201	106	128	127		0
202	106	107	128		0
203	107	129	128		0
204	107	108	129		0
205	108	130	129		0
206	108	109	130		0
207	109	131	130		0
208	109	110	131		0
209	110	132	131		0
210	110	111	132		0
211	111	133	132		0
212	111	112	133		0
213	112	134	133		0
214	112	113	134		0
215	113	135	134		0
216	113	114	135		0
217	114	136	135		0
218	114	115	136		0
219	115	137	136		0
220	115	116	137		0
221	116	138	137		0
222	116	117	138		0
223	117	139	138		0
224	117	118	139		0
225	118	140	139		0
226	118	119	140		0
227	119	141	140		0
228	119	120	141		0
229	120	142	141		0
230	120	121	142		0
231	121	143	142		0
232	121	122	143		0
233	122	144	143		0
234	122	123	144		0
235	123	145	144		0
236	123	124	145		0
237	124	146	145		0
238	124	125	146		0
239	125	147	146		0
240	125	126	147		0
241	127	149	148		0
242	127	128	149		0
243	128	150	149		0
244	128	129	150		0
245	129	151	150		0
246	129	130	151		0
247	130	152	151		0
248	130	131	152		0
249	131	153	152		0
250	131	132	153		0
251	132	154	153		0
252	132	133	154		0
253	133	155	154		0
254	133	134	155		0
255	134	156	155		0
256	134	135	156		0
257	135	157	156		0
258	135	136	157		0
259	136	158	157		0
260	136	137	158		0
261	137	159	158		0
262	137	138	159		0
263	138	160	159		0
264	138	139	160		0
265	139	161	160		0
266	139	140	161		0
267	140	162	161		0
268	140	141	162		0
269	141	163	162		0
270	141	142	163		0
271	142	164	163		0
272	142	143	164		0
273	143	165	164		0
274	143	144	165		0
275	144	166	165		0
276	144	145	166		0
277	145	167	166		0
278	145	146	167		0
279	146	168	167		0
280	146	147	168		0
281	148	170	169		0
282	148	149	170		0
283	149	171	170		0
284	149	150	171		0
285	150	172	171		0
286	150	151	172		0
287	151	173	172		0
288	151	152	173		0
289	152	174	173		0
290	152	153	174		0
291	153	175	174		0
292	153	154	175		0
293	154	176	175		0
294	154	155	176		0
295	155	177	176		0
296	155	156	177		0
297	156	178	177		0
298	156	157	178		0
299	157	179	178		0
300	157	158	179		0
301	158	180	179		0
302	158	159	180		0
303	159	181	180		0
304	159	160	181		0
305	160	182	181		0
306	160	161	182		0
307	161	183	182		0
308	161	162	183		0
309	162	184	183		0
310	162	163	184		0
311	163	185	184		0
312	163	164	185		0
313	164	186	185		0
314	164	165	186		0
315	165	187	186		0
316	165	166	187		0
317	166	188	187		0
318	166	167	188		0
319	167	189	188		0
320	167	168	189		0
321	169	191	190		0
322	169	170	191		0
323	170	192	191		0
324	170	171	192		0
325	171	193	192		0
326	171	172	193		0
327	172	194	193		0
328	172	173	194		0
329	173	195	194		0
330	173	174	195		0
331	174	196	195		0
332	174	175	196		0
333	175	197	196		0
334	175	176	197		0
335	176	198	197		0
336	176	177	198		0
337	177	199	198		0
338	177	178	199		0
339	178	200	199		0
340	178	179	200		0
341	179	201	200		0
342	179	180	201		0
343	180	202	201		0
344	180	181	202		0
345	181	203	202		0
346	181	182	203		0
347	182	204	203		0
348	182	183	204		0
349	183	205	204		0
350	183	184	205		0
351	184	206	205		0
352	184	185	206		0
353	185	207	206		0
354	185	186	207		0
355	186	208	207		0
356	186	187	208		0
357	187	209	208		0
358	187	188	209		0
359	188	210	209		0
360	188	189	210		0
361	190	212	211		0
362	190	191	212		0
363	191	213	212		0
364	191	192	213		0
365	192	214	213		0
366	192	193	214		0
367	193	215	214		0
368	193	194	215		0
369	194	216	215		0
370	194	195	216		0
371	195	217	216		0
372	195	196	217		0
373	196	218	217		0
374	196	197	218		0
375	197	219	218		0
376	197	198	219		0
377	198	220	219		0
378	198	199	220		0
379	199	221	220		0
380	199	200	221		0
381	200	222	221		0
382	200	201	222		0
383	201	223	222		0
384	201	202	223		0
385	202	224	223		0
386	202	203	224		0
387	203	225	224		0
388	203	204	225		0
389	204	226	225		0
390	204	205	226		0
391	205	227	226		0
392	205	206	227		0
393	206	228	227		0
394	206	207	228		0
395	207	229	228		0
396	207	208	229		0
397	208	230	229		0
398	208	209	230		0
399	209	231	230		0
400	209	210	231		0
401	211	233	232		0
402	211	212	233		0
403	212	234	233		0
404	212	213	234		0
405	213	235	234		0
406	213	214	235		0
407	214	236	235		0
408	214	215	236		0
409	215	237	236		0
410	215	216	237		0
411	216	238	237		0
412	216	217	238		0
413	217	239	238		0
414	217	218	239		0
415	218	240	239		0
416	218	219	240		0
417	219	241	240		0
418	219	220	241		0
419	220	242	241		0
420	220	221	242		0
421	221	243	242		0
422	221	222	243		0
423	222	244	243		0
424	222	223	244		0
425	223	245	244		0
426	223	224	245		0
427	224	246	245		0
428	224	225	246		0
429	225	247	246		0
430	225	226	247		0
431	226	248	247		0
432	226	227	248		0
433	227	249	248		0
434	227	228	249		0
435	228	250	249		0
436	228	229	250		0
437	229	251	250		0
438	229	230	251		0
439	230	252	251		0
440	230	231	252		0
441	232	254	253		0
442	232	233	254		0
443	233	255	254		0
444	233	234	255		0
445	234	256	255		0
446	234	235	256		0
447	235	257	256		0
448	235	236	257		0
449	236	258	257		0
450	236	237	258		0
451	237	259	258		0
452	237	238	259		0
453	238	260	259		0
454	238	239	260		0
455	239	261	260		0
456	239	240	261		0
457	240	262	261		0
458	240	241	262		0
459	241	263	262		0
460	241	242	263		0
461	242	264	263		0
462	242	243	264		0
463	243	265	264		0
464	243	244	265		0
465	244	266	265		0
466	244	245	266		0
467	245	267	266		0
468	245	246	267		0
469	246	268	267		0
470	246	247	268		0
471	247	269	268		0
472	247	248	269		0
473	248	270	269		0
474	248	249	270		0
475	249	271	270		0
476	249	250	271		0
477	250	272	271		0
478	250	251	272		0
479	251	273	272		0
480	251	252	273		0
481	253	275	274		0
482	253	254	275		0
483	254	276	275		0
484	254	255	276		0
485	255	277	276		0
486	255	256	277		0
487	256	278	277		0
488	256	257	278		0
489	257	279	278		0
490	257	258	279		0
491	258	280	279		0
492	258	259	280		0
493	259	281	280		0
494	259	260	281		0
495	260	282	281		0
496	260	261	282		0
497	261	283	282		0
498	261	262	283		0
499	262	284	283		0
500	262	263	284		0
501	263	285	284		0
502	263	264	285		0
503	264	286	285		0
504	264	265	286		0
505	265	287	286		0
506	265	266	287		0
507	266	288	287		0
508	266	267	288		0
509	267	289	288		0
510	267	268	289		0
511	268	290	289		0
512	268	269	290		0
513	269	291	290		0
514	269	270	291		0
515	270	292	291		0
516	270	271	292		0
517	271	293	292		0
518	271	272	293		0
519	272	294	293		0
520	272	273	294		0
521	274	296	295		0
522	274	275	296		0
523	275	297	296		0
524	275	276	297		0
525	276	298	297		0
526	276	277	298		0
527	277	299	298		0
528	277	278	299		0
529	278	300	299		0
530	278	279	300		0
531	279	301	300		0
532	279	280	301		0
533	280	302	301		0
534	280	281	302		0
535	281	303	302		0
536	281	282	303		0
537	282	304	303		0
538	282	283	304		0
539	283	305	304		0
540	283	284	305		0
541	284	306	305		0
542	284	285	306		0
543	285	307	306		0
544	285	286	307		0
545	286	308	307		0
546	286	287	308		0
547	287	309	308		0
548	287	288	309		0
549	288	310	309		0
550	288	289	310		0
551	289	311	310		0
552	289	290	311		0
553	290	312	311		0
554	290	291	312		0
555	291	313	312		0
556	291	292	313		0
557	292	314	313		0
558	292	293	314		0
559	293	315	314		0
560	293	294	315		0
561	295	317	316		0
562	295	296	317		0
563	296	318	317		0
564	296	297	318		0
565	297	319	318		0
566	297	298	319		0
567	298	320	319		0
568	298	299	320		0
569	299	321	320		0
570	299	300	321		0
571	300	322	321		0
572	300	301	322		0
573	301	323	322		0
574	301	302	323		0
575	302	324	323		0
576	302	303	324		0
577	303	325	324		0
578	303	304	325		0
579	304	326	325		0
580	304	305	326		0
581	305	327	326		0
582	305	306	327		0
583	306	328	327		0
584	306	307	328		0
585	307	329	328		0
586	307	308	329		0
587	308	330	329		0
588	308	309	330		0
589	309	331	330		0
590	309	310	331		0
591	310	332	331		0
592	310	311	332		0
593	311	333	332		0
594	311	312	333		0
595	312	334	333		0
596	312	313	334		0
597	313	335	334		0
598	313	314	335		0
599	314	336	335		0
600	314	315	336		0
601	316	338	337		0
602	316	317	338		0
603	317	339	338		0
604	317	318	339		0
605	318	340	339		0
606	318	319	340		0
607	319	341	340		0
608	319	320	341		0
609	320	342	341		0
610	320	321	342		0
611	321	343	342		0
612	321	322	343		0
613	322	344	343		0
614	322	323	344		0
615	323	345	344		0
616	323	324	345		0
617	324	346	345		0
618	324	325	346		0
619	325	347	346		0
620	325	326	347		0
621	326	348	347		0
622	326	327	348		0
623	327	349	348		0
624	327	328	349		0
625	328	350	349		0
626	328	329	350		0
627	329	351	350		0
628	329	330	351		0
629	330	352	351		0
630	330	331	352		0
631	331	353	352		0
632	331	332	353		0
633	332	354	353		0
634	332	333	354		0
635	333	355	354		0
636	333	334	355		0
637	334	356	355		0
638	334	335	356		0
639	335	357	356		0
640	335	336	357		0
641	337	359	358		0
642	337	338	359		0
643	338	360	359		0
644	338	339	360		0
645	339	361	360		0
646	339	340	361		0
647	340	362	361		0
648	340	341	362		0
649	341	363	362		0
650	341	342	363		0
651	342	364	363		0
652	342	343	364		0
653	343	365	364		0
654	343	344	365		0
655	344	366	365		0
656	344	345	366		0
657	345	367	366		0
658	345	346	367		0
659	346	368	367		0
660	346	347	368		0
661	347	369	368		0
662	347	348	369		0
663	348	370	369		0
664	348	349	370		0
665	349	371	370		0
666	349	350	371		0
667	350	372	371		0
668	350	351	372		0
669	351	373	372		0
670	351	352	373		0
671	352	374	373		0
672	352	353	374		0
673	353	375	374		0
674	353	354	375		0
675	354	376	375		0
676	354	355	376		0
677	355	377	376		0
678	355	356	377		0
679	356	378	377		0
680	356	357	378		0
681	358	380	379		0
682	358	359	380		0
683	359	381	380		0
684	359	360	381		0
685	360	382	381		0
686	360	361	382		0
687	361	383	382		0
688	361	362	383		0
689	362	384	383		0
690	362	363	384		0
691	363	385	384		0
692	363	364	385		0
693	364	386	385		0
694	364	365	386		0
695	365	387	386		0
696	365	366	387		0
697	366	388	387		0
698	366	367	388		0
699	367	389	388		0
700	367	368	389		0
701	368	390	389		0
702	368	369	390		0
703	369	391	390		0
704	369	370	391		0
705	370	392	391		0
706	370	371	392		0
707	371	393	392		0
708	371	372	393		0
709	372	394	393		0
710	372	373	394		0
711	373	395	394		0
712	373	374	395		0
713	374	396	395		0
714	374	375	396		0
715	375	397	396		0
716	375	376	397		0
717	376	398	397		0
718	376	377	398		0
719	377	399	398		0
720	377	378	399		0
721	379	401	400		0
722	379	380	401		0
723	380	402	401		0
724	380	381	402		0
725	381	403	402		0
726	381	382	403		0
727	382	404	403		0
728	382	383	404		0
729	383	405	404		0
730	383	384	405		0
731	384	406	405		0
732	384	385	406		0
733	385	407	406		0
734	385	386	407		0
735	386	408	407		0
736	386	387	408		0
737	387	409	408		0
738	387	388	409		0
739	388	410	409		0
740	388	389	410		0
741	389	411	410		0
742	389	390	411		0
743	390	412	411		0
744	390	391	412		0
745	391	413	412		0
746	391	392	413		0
747	392	414	413		0
748	392	393	414		0
749	393	415	414		0
750	393	394	415		0
751	394	416	415		0
752	394	395	416		0
753	395	417	416		0
754	395	396	417		0
755	396	418	417		0
756	396	397	418		0
757	397	419	418		0
758	397	398	419		0
759	398	420	419		0
760	398	399	420		0
761	400	422	421		0
762	400	401	422		0
763	401	423	422		0
764	401	402	423		0
765	402	424	423		0
766	402	403	424		0
767	403	425	424		0
768	403	404	425		0
769	404	426	425		0
770	404	405	426		0
771	405	427	426		0
772	405	406	427		0
773	406	428	427		0
774	406	407	428		0
775	407	429	428		0
776	407	408	429		0
777	408	430	429		0
778	408	409	430		0
779	409	431	430		0
780	409	410	431		0
781	410	432	431		0
782	410	411	432		0
783	411	433	432		0
784	411	412	433		0
785	412	434	433		0
786	412	413	434		0
787	413	435	434		0
788	413	414	435		0
789	414	436	435		0
790	414	415	436		0
791	415	437	436		0
792	415	416	437		0
793	416	438	437		0
794	416	417	438		0
795	417	439	438		0
796	417	418	439		0
797	418	440	439		0
798	418	419	440		0
799	419	441	440		0
800	419	420	441		0
0	0	0	0		0 
\BOUNDARY
        \FEMC_LINE
         NUMBC: 80
        \END ! N  ELE1 ELE2  IND(2,N) FLOAD(2,N) FUNC(2,N)  KN
1	1	2	2	2	0	0	1	1	0
2	2	3	2	2	0	0	1	1	0
3	3	4	2	2	0	0	1	1	0
4	4	5	2	2	0	0	1	1	0
5	5	6	2	2	0	0	1	1	0
6	6	7	2	2	0	0	1	1	0
7	7	8	2	2	0	0	1	1	0
8	8	9	2	2	0	0	1	1	0
9	9	10	2	2	0	0	1	1	0
10	10	11	2	2	0	0	1	1	0
11	11	12	2	2	0	0	1	1	0
12	12	13	2	2	0	0	1	1	0
13	13	14	2	2	0	0	1	1	0
14	14	15	2	2	0	0	1	1	0
15	15	16	2	2	0	0	1	1	0
16	16	17	2	2	0	0	1	1	0
17	17	18	2	2	0	0	1	1	0
18	18	19	2	2	0	0	1	1	0
19	19	20	2	2	0	0	1	1	0
20	20	21	2	2	0	0	1	1	0
21	21	42	2	2	0	0	1	1	0
22	42	63	2	2	0	0	1	1	0
23	63	84	2	2	0	0	1	1	0
24	84	105	2	2	0	0	1	1	0
25	105	126	2	2	0	0	1	1	0
26	126	147	2	2	0	0	1	1	0
27	147	168	2	2	0	0	1	1	0
28	168	189	2	2	0	0	1	1	0
29	189	210	2	2	0	0	1	1	0
30	210	231	2	2	0	0	1	1	0
31	231	252	2	2	0	0	1	1	0
32	252	273	2	2	0	0	1	1	0
33	273	294	2	2	0	0	1	1	0
34	294	315	2	2	0	0	1	1	0
35	315	336	2	2	0	0	1	1	0
36	336	357	2	2	0	0	1	1	0
37	357	378	2	2	0	0	1	1	0
38	378	399	2	2	0	0	1	1	0
39	399	420	2	2	0	0	1	1	0
40	420	441	2	2	0	0	1	1	0
41	441	440	2	2	0	1	1	1	0
42	440	439	2	2	0	1	1	1	0
43	439	438	2	2	0	1	1	1	0
44	438	437	2	2	0	1	1	1	0
45	437	436	2	2	0	1	1	1	0
46	436	435	2	2	0	1	1	1	0
47	435	434	2	2	0	1	1	1	0
48	434	433	2	2	0	1	1	1	0
49	433	432	2	2	0	1	1	1	0
50	432	431	2	2	0	1	1	1	0
51	431	430	2	2	0	1	1	1	0
52	430	429	2	2	0	1	1	1	0
53	429	428	2	2	0	1	1	1	0
54	428	427	2	2	0	1	1	1	0
55	427	426	2	2	0	1	1	1	0
56	426	425	2	2	0	1	1	1	0
57	425	424	2	2	0	1	1	1	0
58	424	423	2	2	0	1	1	1	0
59	423	422	2	2	0	1	1	1	0
60	422	421	2	2	0	1	1	1	0
61	421	400	1	1	0	0	1	1	0
62	400	379	1	1	0	0	1	1	0
63	379	358	1	1	0	0	1	1	0
64	358	337	1	1	0	0	1	1	0
65	337	316	1	1	0	0	1	1	0
66	316	295	1	1	0	0	1	1	0
67	295	274	1	1	0	0	1	1	0
68	274	253	1	1	0	0	1	1	0
69	253	232	1	1	0	0	1	1	0
70	232	211	1	1	0	0	1	1	0
71	211	190	1	1	0	0	1	1	0
72	190	169	1	1	0	0	1	1	0
73	169	148	1	1	0	0	1	1	0
74	148	127	1	1	0	0	1	1	0
75	127	106	1	1	0	0	1	1	0
76	106	85	1	1	0	0	1	1	0
77	85	64	1	1	0	0	1	1	0
78	64	43	1	1	0	0	1	1	0
79	43	22	1	1	0	0	1	1	0
80	22	1	1	1	0	0	1	1	0
0	0	0	0	0	0	0	0	0	0
\END{INPUT}
!-----------------
  \GENERATE
!-----------------
  \STATIC_SOLVER
!-----------------
!  \OUTPUT
!-----------------
  \END 
!-----------------
 

