!-----------------
  \START
!-----------------
  \INPUT
!-----------------      
        \GLOBAL
   	  PROJECT:  PATCH_TEST2_MFS
	  NUMNP:          36
	  NMAT:            1
	  NBGROUP:         1
	  NEGROUP:         1
	  NITP_IN:        40
          NIDIV_IN:       40
	  DYNAMIC:         0
!
          CONTACT:         0 
          NSPAIR:          0
	\END
	\NODE  !N  ID(3,N)   X    Y    Z   NDOF(3,N)  KN
1	1	1	1	0	0	0	0	0	0	0
2	0	0	1	0.400000000000000	0	0	4	4	0	0
3	0	0	1	0.800000000000000	0	0	4	4	0	0
4	0	0	1	1.20000000000000	0	0	4	4	0	0
5	0	0	1	1.60000000000000	0	0	4	4	0	0
6	0	0	1	2	0	0	4	4	0	0
7	1	1	1	0	0.400000000000000	0	0	0	0	0
8	0	0	1	0.400000000000000	0.400000000000000	0	4	4	0	0
9	0	0	1	0.800000000000000	0.400000000000000	0	4	4	0	0
10	0	0	1	1.20000000000000	0.400000000000000	0	4	4	0	0
11	0	0	1	1.60000000000000	0.400000000000000	0	4	4	0	0
12	0	0	1	2	0.400000000000000	0	4	4	0	0
13	1	1	1	0	0.800000000000000	0	0	0	0	0
14	0	0	1	0.400000000000000	0.800000000000000	0	4	4	0	0
15	0	0	1	0.800000000000000	0.800000000000000	0	4	4	0	0
16	0	0	1	1.20000000000000	0.800000000000000	0	4	4	0	0
17	0	0	1	1.60000000000000	0.800000000000000	0	4	4	0	0
18	0	0	1	2	0.800000000000000	0	4	4	0	0
19	1	1	1	0	1.20000000000000	0	0	0	0	0
20	0	0	1	0.400000000000000	1.20000000000000	0	4	4	0	0
21	0	0	1	0.800000000000000	1.20000000000000	0	4	4	0	0
22	0	0	1	1.20000000000000	1.20000000000000	0	4	4	0	0
23	0	0	1	1.60000000000000	1.20000000000000	0	4	4	0	0
24	0	0	1	2	1.20000000000000	0	4	4	0	0
25	1	1	1	0	1.60000000000000	0	0	0	0	0
26	0	0	1	0.400000000000000	1.60000000000000	0	4	4	0	0
27	0	0	1	0.800000000000000	1.60000000000000	0	4	4	0	0
28	0	0	1	1.20000000000000	1.60000000000000	0	4	4	0	0
29	0	0	1	1.60000000000000	1.60000000000000	0	4	4	0	0
30	0	0	1	2	1.60000000000000	0	4	4	0	0
31	1	1	1	0	2	0	0	0	0	0
32	0	0	1	0.400000000000000	2	0	4	4	0	0
33	0	0	1	0.800000000000000	2	0	4	4	0	0
34	0	0	1	1.20000000000000	2	0	4	4	0	0
35	0	0	1	1.60000000000000	2	0	4	4	0	0
36	0	0	1	2	2	0	4	4	0	0
0	0	0	0	0	0	0	0	0	0	0
 	\MATERIAL !SET    E    PR   DENSITY  THIC
	            1   100   0.3     1560    1
		    0     0     0        0    0
!	\LOAD  !N IDIRN FLOAD  NFUNC
        \ELEMENT
	\FEMC_QUADS
	 ITYPE: 1 MTYPE: 1 NUMOFE: 50 NUMELE: 36 NGDOF: 5 
	\END    !N  NODE  IND(2,N) RAD(2,N)  KN 
1	1	1	1 0.8 	0
2	2	0	0 0.8 	0
3	3	0	0 0.8 	0
4	4	0	0 0.8 	0
5	5	0	0 0.8 	0
6	6	0	0 0.8 	0
7	7	1	1 0.8 	0
8	8	0	0 0.8 	0
9	9	0	0 0.8 	0
10	10	0	0 0.8 	0
11	11	0	0 0.8 	0
12	12	0	0 0.8 	0
13	13	1	1 0.8 	0
14	14	0	0 0.8 	0
15	15	0	0 0.8 	0
16	16	0	0 0.8 	0
17	17	0	0 0.8 	0
18	18	0	0 0.8 	0
19	19	1	1 0.8 	0
20	20	0	0 0.8 	0
21	21	0	0 0.8 	0
22	22	0	0 0.8 	0
23	23	0	0 0.8 	0
24	24	0	0 0.8 	0
25	25	1	1 0.8 	0
26	26	0	0 0.8 	0
27	27	0	0 0.8 	0
28	28	0	0 0.8 	0
29	29	0	0 0.8 	0
30	30	0	0 0.8 	0
31	31	1	1 0.8 	0
32	32	0	0 0.8 	0
33	33	0	0 0.8 	0
34	34	0	0 0.8 	0
35	35	0	0 0.8 	0
36	36	0	0 0.8 	0
0	0	0	0     	0	0	0
 	       !N   ELE1  ELE2  ELE3    KN
1	1	8	7		0
2	1	2	8		0
3	2	9	8		0
4	2	3	9		0
5	3	10	9		0
6	3	4	10		0
7	4	11	10		0
8	4	5	11		0
9	5	12	11		0
10	5	6	12		0
11	7	14	13		0
12	7	8	14		0
13	8	15	14		0
14	8	9	15		0
15	9	16	15		0
16	9	10	16		0
17	10	17	16		0
18	10	11	17		0
19	11	18	17		0
20	11	12	18		0
21	13	20	19		0
22	13	14	20		0
23	14	21	20		0
24	14	15	21		0
25	15	22	21		0
26	15	16	22		0
27	16	23	22		0
28	16	17	23		0
29	17	24	23		0
30	17	18	24		0
31	19	26	25		0
32	19	20	26		0
33	20	27	26		0
34	20	21	27		0
35	21	28	27		0
36	21	22	28		0
37	22	29	28		0
38	22	23	29		0
39	23	30	29		0
40	23	24	30		0
41	25	32	31		0
42	25	26	32		0
43	26	33	32		0
44	26	27	33		0
45	27	34	33		0
46	27	28	34		0
47	28	35	34		0
48	28	29	35		0
49	29	36	35		0
50	29	30	36		0
0	0	0	0		0
 \BOUNDARY
        \FEMC_LINE
         NUMBC: 20
        \END ! N  ELE1 ELE2  IND(2,N) FLOAD(2,N) FUNC(2,N)  KN
1	1	2	2	2	0	0	1	1	0
2	2	3	2	2	0	0	1	1	0
3	3	4	2	2	0	0	1	1	0
4	4	5	2	2	0	0	1	1	0
5	5	6	2	2	0	0	1	1	0
6	6	12	2	2	0	0	1	1	0
7	12	18	2	2	0	0	1	1	0
8	18	24	2	2	0	0	1	1	0
9	24	30	2	2	0	0	1	1	0
10	30	36	2	2	0	0	1	1	0
11	36	35	2	2	0	1	1	1	0
12	35	34	2	2	0	1	1	1	0
13	34	33	2	2	0	1	1	1	0
14	33	32	2	2	0	1	1	1	0
15	32	31	2	2	0	1	1	1	0
16	31	25	1	1	0	0	1	1	0
17	25	19	1	1	0	0	1	1	0
18	19	13	1	1	0	0	1	1	0
19	13	7	1	1	0	0	1	1	0
20	7	1	1	1	0	0	1	1	0
0	0	0	0	0	0	0	0	0	0
\END{INPUT}
!-----------------
  \GENERATE
!-----------------
  \STATIC_SOLVER
!-----------------
!  \OUTPUT
!-----------------
  \END 
!-----------------
 

