!-----------------
  \START
!-----------------
  \INPUT
!-----------------      
        \GLOBAL
   	  PROJECT: PATCH_TEST_1
	  NUMNP:        1331
	  NMAT:            1
	  NLOAD:          121
	  NEGROUP:         1
	  DYNAMIC:         0
	\END
	\NODE  !N  ID(3,N)   X    Y    Z  NDOF(3,N) KN
1	1	1	1	0	0	0	0	0	0	0
2	1	1	1	0	0	1	0	0	0	0
3	1	1	1	0	0	2	0	0	0	0
4	1	1	1	0	0	3	0	0	0	0
5	1	1	1	0	0	4	0	0	0	0
6	1	1	1	0	0	5	0	0	0	0
7	1	1	1	0	0	6	0	0	0	0
8	1	1	1	0	0	7	0	0	0	0
9	1	1	1	0	0	8	0	0	0	0
10	1	1	1	0	0	9	0	0	0	0
11	1	1	1	0	0	10	0	0	0	0
12	0	0	0	0	1	0	1	1	1	0
13	0	0	0	0	1	1	1	1	1	0
14	0	0	0	0	1	2	1	1	1	0
15	0	0	0	0	1	3	1	1	1	0
16	0	0	0	0	1	4	1	1	1	0
17	0	0	0	0	1	5	1	1	1	0
18	0	0	0	0	1	6	1	1	1	0
19	0	0	0	0	1	7	1	1	1	0
20	0	0	0	0	1	8	1	1	1	0
21	0	0	0	0	1	9	1	1	1	0
22	0	0	0	0	1	10	1	1	1	0
23	0	0	0	0	2	0	1	1	1	0
24	0	0	0	0	2	1	1	1	1	0
25	0	0	0	0	2	2	1	1	1	0
26	0	0	0	0	2	3	1	1	1	0
27	0	0	0	0	2	4	1	1	1	0
28	0	0	0	0	2	5	1	1	1	0
29	0	0	0	0	2	6	1	1	1	0
30	0	0	0	0	2	7	1	1	1	0
31	0	0	0	0	2	8	1	1	1	0
32	0	0	0	0	2	9	1	1	1	0
33	0	0	0	0	2	10	1	1	1	0
34	0	0	0	0	3	0	1	1	1	0
35	0	0	0	0	3	1	1	1	1	0
36	0	0	0	0	3	2	1	1	1	0
37	0	0	0	0	3	3	1	1	1	0
38	0	0	0	0	3	4	1	1	1	0
39	0	0	0	0	3	5	1	1	1	0
40	0	0	0	0	3	6	1	1	1	0
41	0	0	0	0	3	7	1	1	1	0
42	0	0	0	0	3	8	1	1	1	0
43	0	0	0	0	3	9	1	1	1	0
44	0	0	0	0	3	10	1	1	1	0
45	0	0	0	0	4	0	1	1	1	0
46	0	0	0	0	4	1	1	1	1	0
47	0	0	0	0	4	2	1	1	1	0
48	0	0	0	0	4	3	1	1	1	0
49	0	0	0	0	4	4	1	1	1	0
50	0	0	0	0	4	5	1	1	1	0
51	0	0	0	0	4	6	1	1	1	0
52	0	0	0	0	4	7	1	1	1	0
53	0	0	0	0	4	8	1	1	1	0
54	0	0	0	0	4	9	1	1	1	0
55	0	0	0	0	4	10	1	1	1	0
56	0	0	0	0	5	0	1	1	1	0
57	0	0	0	0	5	1	1	1	1	0
58	0	0	0	0	5	2	1	1	1	0
59	0	0	0	0	5	3	1	1	1	0
60	0	0	0	0	5	4	1	1	1	0
61	0	0	0	0	5	5	1	1	1	0
62	0	0	0	0	5	6	1	1	1	0
63	0	0	0	0	5	7	1	1	1	0
64	0	0	0	0	5	8	1	1	1	0
65	0	0	0	0	5	9	1	1	1	0
66	0	0	0	0	5	10	1	1	1	0
67	0	0	0	0	6	0	1	1	1	0
68	0	0	0	0	6	1	1	1	1	0
69	0	0	0	0	6	2	1	1	1	0
70	0	0	0	0	6	3	1	1	1	0
71	0	0	0	0	6	4	1	1	1	0
72	0	0	0	0	6	5	1	1	1	0
73	0	0	0	0	6	6	1	1	1	0
74	0	0	0	0	6	7	1	1	1	0
75	0	0	0	0	6	8	1	1	1	0
76	0	0	0	0	6	9	1	1	1	0
77	0	0	0	0	6	10	1	1	1	0
78	0	0	0	0	7	0	1	1	1	0
79	0	0	0	0	7	1	1	1	1	0
80	0	0	0	0	7	2	1	1	1	0
81	0	0	0	0	7	3	1	1	1	0
82	0	0	0	0	7	4	1	1	1	0
83	0	0	0	0	7	5	1	1	1	0
84	0	0	0	0	7	6	1	1	1	0
85	0	0	0	0	7	7	1	1	1	0
86	0	0	0	0	7	8	1	1	1	0
87	0	0	0	0	7	9	1	1	1	0
88	0	0	0	0	7	10	1	1	1	0
89	0	0	0	0	8	0	1	1	1	0
90	0	0	0	0	8	1	1	1	1	0
91	0	0	0	0	8	2	1	1	1	0
92	0	0	0	0	8	3	1	1	1	0
93	0	0	0	0	8	4	1	1	1	0
94	0	0	0	0	8	5	1	1	1	0
95	0	0	0	0	8	6	1	1	1	0
96	0	0	0	0	8	7	1	1	1	0
97	0	0	0	0	8	8	1	1	1	0
98	0	0	0	0	8	9	1	1	1	0
99	0	0	0	0	8	10	1	1	1	0
100	0	0	0	0	9	0	1	1	1	0
101	0	0	0	0	9	1	1	1	1	0
102	0	0	0	0	9	2	1	1	1	0
103	0	0	0	0	9	3	1	1	1	0
104	0	0	0	0	9	4	1	1	1	0
105	0	0	0	0	9	5	1	1	1	0
106	0	0	0	0	9	6	1	1	1	0
107	0	0	0	0	9	7	1	1	1	0
108	0	0	0	0	9	8	1	1	1	0
109	0	0	0	0	9	9	1	1	1	0
110	0	0	0	0	9	10	1	1	1	0
111	0	0	0	0	10	0	1	1	1	0
112	0	0	0	0	10	1	1	1	1	0
113	0	0	0	0	10	2	1	1	1	0
114	0	0	0	0	10	3	1	1	1	0
115	0	0	0	0	10	4	1	1	1	0
116	0	0	0	0	10	5	1	1	1	0
117	0	0	0	0	10	6	1	1	1	0
118	0	0	0	0	10	7	1	1	1	0
119	0	0	0	0	10	8	1	1	1	0
120	0	0	0	0	10	9	1	1	1	0
121	0	0	0	0	10	10	1	1	1	0
122	1	1	1	1	0	0	0	0	0	0
123	1	1	1	1	0	1	0	0	0	0
124	1	1	1	1	0	2	0	0	0	0
125	1	1	1	1	0	3	0	0	0	0
126	1	1	1	1	0	4	0	0	0	0
127	1	1	1	1	0	5	0	0	0	0
128	1	1	1	1	0	6	0	0	0	0
129	1	1	1	1	0	7	0	0	0	0
130	1	1	1	1	0	8	0	0	0	0
131	1	1	1	1	0	9	0	0	0	0
132	1	1	1	1	0	10	0	0	0	0
133	0	0	0	1	1	0	1	1	1	0
134	0	0	0	1	1	1	1	1	1	0
135	0	0	0	1	1	2	1	1	1	0
136	0	0	0	1	1	3	1	1	1	0
137	0	0	0	1	1	4	1	1	1	0
138	0	0	0	1	1	5	1	1	1	0
139	0	0	0	1	1	6	1	1	1	0
140	0	0	0	1	1	7	1	1	1	0
141	0	0	0	1	1	8	1	1	1	0
142	0	0	0	1	1	9	1	1	1	0
143	0	0	0	1	1	10	1	1	1	0
144	0	0	0	1	2	0	1	1	1	0
145	0	0	0	1	2	1	1	1	1	0
146	0	0	0	1	2	2	1	1	1	0
147	0	0	0	1	2	3	1	1	1	0
148	0	0	0	1	2	4	1	1	1	0
149	0	0	0	1	2	5	1	1	1	0
150	0	0	0	1	2	6	1	1	1	0
151	0	0	0	1	2	7	1	1	1	0
152	0	0	0	1	2	8	1	1	1	0
153	0	0	0	1	2	9	1	1	1	0
154	0	0	0	1	2	10	1	1	1	0
155	0	0	0	1	3	0	1	1	1	0
156	0	0	0	1	3	1	1	1	1	0
157	0	0	0	1	3	2	1	1	1	0
158	0	0	0	1	3	3	1	1	1	0
159	0	0	0	1	3	4	1	1	1	0
160	0	0	0	1	3	5	1	1	1	0
161	0	0	0	1	3	6	1	1	1	0
162	0	0	0	1	3	7	1	1	1	0
163	0	0	0	1	3	8	1	1	1	0
164	0	0	0	1	3	9	1	1	1	0
165	0	0	0	1	3	10	1	1	1	0
166	0	0	0	1	4	0	1	1	1	0
167	0	0	0	1	4	1	1	1	1	0
168	0	0	0	1	4	2	1	1	1	0
169	0	0	0	1	4	3	1	1	1	0
170	0	0	0	1	4	4	1	1	1	0
171	0	0	0	1	4	5	1	1	1	0
172	0	0	0	1	4	6	1	1	1	0
173	0	0	0	1	4	7	1	1	1	0
174	0	0	0	1	4	8	1	1	1	0
175	0	0	0	1	4	9	1	1	1	0
176	0	0	0	1	4	10	1	1	1	0
177	0	0	0	1	5	0	1	1	1	0
178	0	0	0	1	5	1	1	1	1	0
179	0	0	0	1	5	2	1	1	1	0
180	0	0	0	1	5	3	1	1	1	0
181	0	0	0	1	5	4	1	1	1	0
182	0	0	0	1	5	5	1	1	1	0
183	0	0	0	1	5	6	1	1	1	0
184	0	0	0	1	5	7	1	1	1	0
185	0	0	0	1	5	8	1	1	1	0
186	0	0	0	1	5	9	1	1	1	0
187	0	0	0	1	5	10	1	1	1	0
188	0	0	0	1	6	0	1	1	1	0
189	0	0	0	1	6	1	1	1	1	0
190	0	0	0	1	6	2	1	1	1	0
191	0	0	0	1	6	3	1	1	1	0
192	0	0	0	1	6	4	1	1	1	0
193	0	0	0	1	6	5	1	1	1	0
194	0	0	0	1	6	6	1	1	1	0
195	0	0	0	1	6	7	1	1	1	0
196	0	0	0	1	6	8	1	1	1	0
197	0	0	0	1	6	9	1	1	1	0
198	0	0	0	1	6	10	1	1	1	0
199	0	0	0	1	7	0	1	1	1	0
200	0	0	0	1	7	1	1	1	1	0
201	0	0	0	1	7	2	1	1	1	0
202	0	0	0	1	7	3	1	1	1	0
203	0	0	0	1	7	4	1	1	1	0
204	0	0	0	1	7	5	1	1	1	0
205	0	0	0	1	7	6	1	1	1	0
206	0	0	0	1	7	7	1	1	1	0
207	0	0	0	1	7	8	1	1	1	0
208	0	0	0	1	7	9	1	1	1	0
209	0	0	0	1	7	10	1	1	1	0
210	0	0	0	1	8	0	1	1	1	0
211	0	0	0	1	8	1	1	1	1	0
212	0	0	0	1	8	2	1	1	1	0
213	0	0	0	1	8	3	1	1	1	0
214	0	0	0	1	8	4	1	1	1	0
215	0	0	0	1	8	5	1	1	1	0
216	0	0	0	1	8	6	1	1	1	0
217	0	0	0	1	8	7	1	1	1	0
218	0	0	0	1	8	8	1	1	1	0
219	0	0	0	1	8	9	1	1	1	0
220	0	0	0	1	8	10	1	1	1	0
221	0	0	0	1	9	0	1	1	1	0
222	0	0	0	1	9	1	1	1	1	0
223	0	0	0	1	9	2	1	1	1	0
224	0	0	0	1	9	3	1	1	1	0
225	0	0	0	1	9	4	1	1	1	0
226	0	0	0	1	9	5	1	1	1	0
227	0	0	0	1	9	6	1	1	1	0
228	0	0	0	1	9	7	1	1	1	0
229	0	0	0	1	9	8	1	1	1	0
230	0	0	0	1	9	9	1	1	1	0
231	0	0	0	1	9	10	1	1	1	0
232	0	0	0	1	10	0	1	1	1	0
233	0	0	0	1	10	1	1	1	1	0
234	0	0	0	1	10	2	1	1	1	0
235	0	0	0	1	10	3	1	1	1	0
236	0	0	0	1	10	4	1	1	1	0
237	0	0	0	1	10	5	1	1	1	0
238	0	0	0	1	10	6	1	1	1	0
239	0	0	0	1	10	7	1	1	1	0
240	0	0	0	1	10	8	1	1	1	0
241	0	0	0	1	10	9	1	1	1	0
242	0	0	0	1	10	10	1	1	1	0
243	1	1	1	2	0	0	0	0	0	0
244	1	1	1	2	0	1	0	0	0	0
245	1	1	1	2	0	2	0	0	0	0
246	1	1	1	2	0	3	0	0	0	0
247	1	1	1	2	0	4	0	0	0	0
248	1	1	1	2	0	5	0	0	0	0
249	1	1	1	2	0	6	0	0	0	0
250	1	1	1	2	0	7	0	0	0	0
251	1	1	1	2	0	8	0	0	0	0
252	1	1	1	2	0	9	0	0	0	0
253	1	1	1	2	0	10	0	0	0	0
254	0	0	0	2	1	0	1	1	1	0
255	0	0	0	2	1	1	1	1	1	0
256	0	0	0	2	1	2	1	1	1	0
257	0	0	0	2	1	3	1	1	1	0
258	0	0	0	2	1	4	1	1	1	0
259	0	0	0	2	1	5	1	1	1	0
260	0	0	0	2	1	6	1	1	1	0
261	0	0	0	2	1	7	1	1	1	0
262	0	0	0	2	1	8	1	1	1	0
263	0	0	0	2	1	9	1	1	1	0
264	0	0	0	2	1	10	1	1	1	0
265	0	0	0	2	2	0	1	1	1	0
266	0	0	0	2	2	1	1	1	1	0
267	0	0	0	2	2	2	1	1	1	0
268	0	0	0	2	2	3	1	1	1	0
269	0	0	0	2	2	4	1	1	1	0
270	0	0	0	2	2	5	1	1	1	0
271	0	0	0	2	2	6	1	1	1	0
272	0	0	0	2	2	7	1	1	1	0
273	0	0	0	2	2	8	1	1	1	0
274	0	0	0	2	2	9	1	1	1	0
275	0	0	0	2	2	10	1	1	1	0
276	0	0	0	2	3	0	1	1	1	0
277	0	0	0	2	3	1	1	1	1	0
278	0	0	0	2	3	2	1	1	1	0
279	0	0	0	2	3	3	1	1	1	0
280	0	0	0	2	3	4	1	1	1	0
281	0	0	0	2	3	5	1	1	1	0
282	0	0	0	2	3	6	1	1	1	0
283	0	0	0	2	3	7	1	1	1	0
284	0	0	0	2	3	8	1	1	1	0
285	0	0	0	2	3	9	1	1	1	0
286	0	0	0	2	3	10	1	1	1	0
287	0	0	0	2	4	0	1	1	1	0
288	0	0	0	2	4	1	1	1	1	0
289	0	0	0	2	4	2	1	1	1	0
290	0	0	0	2	4	3	1	1	1	0
291	0	0	0	2	4	4	1	1	1	0
292	0	0	0	2	4	5	1	1	1	0
293	0	0	0	2	4	6	1	1	1	0
294	0	0	0	2	4	7	1	1	1	0
295	0	0	0	2	4	8	1	1	1	0
296	0	0	0	2	4	9	1	1	1	0
297	0	0	0	2	4	10	1	1	1	0
298	0	0	0	2	5	0	1	1	1	0
299	0	0	0	2	5	1	1	1	1	0
300	0	0	0	2	5	2	1	1	1	0
301	0	0	0	2	5	3	1	1	1	0
302	0	0	0	2	5	4	1	1	1	0
303	0	0	0	2	5	5	1	1	1	0
304	0	0	0	2	5	6	1	1	1	0
305	0	0	0	2	5	7	1	1	1	0
306	0	0	0	2	5	8	1	1	1	0
307	0	0	0	2	5	9	1	1	1	0
308	0	0	0	2	5	10	1	1	1	0
309	0	0	0	2	6	0	1	1	1	0
310	0	0	0	2	6	1	1	1	1	0
311	0	0	0	2	6	2	1	1	1	0
312	0	0	0	2	6	3	1	1	1	0
313	0	0	0	2	6	4	1	1	1	0
314	0	0	0	2	6	5	1	1	1	0
315	0	0	0	2	6	6	1	1	1	0
316	0	0	0	2	6	7	1	1	1	0
317	0	0	0	2	6	8	1	1	1	0
318	0	0	0	2	6	9	1	1	1	0
319	0	0	0	2	6	10	1	1	1	0
320	0	0	0	2	7	0	1	1	1	0
321	0	0	0	2	7	1	1	1	1	0
322	0	0	0	2	7	2	1	1	1	0
323	0	0	0	2	7	3	1	1	1	0
324	0	0	0	2	7	4	1	1	1	0
325	0	0	0	2	7	5	1	1	1	0
326	0	0	0	2	7	6	1	1	1	0
327	0	0	0	2	7	7	1	1	1	0
328	0	0	0	2	7	8	1	1	1	0
329	0	0	0	2	7	9	1	1	1	0
330	0	0	0	2	7	10	1	1	1	0
331	0	0	0	2	8	0	1	1	1	0
332	0	0	0	2	8	1	1	1	1	0
333	0	0	0	2	8	2	1	1	1	0
334	0	0	0	2	8	3	1	1	1	0
335	0	0	0	2	8	4	1	1	1	0
336	0	0	0	2	8	5	1	1	1	0
337	0	0	0	2	8	6	1	1	1	0
338	0	0	0	2	8	7	1	1	1	0
339	0	0	0	2	8	8	1	1	1	0
340	0	0	0	2	8	9	1	1	1	0
341	0	0	0	2	8	10	1	1	1	0
342	0	0	0	2	9	0	1	1	1	0
343	0	0	0	2	9	1	1	1	1	0
344	0	0	0	2	9	2	1	1	1	0
345	0	0	0	2	9	3	1	1	1	0
346	0	0	0	2	9	4	1	1	1	0
347	0	0	0	2	9	5	1	1	1	0
348	0	0	0	2	9	6	1	1	1	0
349	0	0	0	2	9	7	1	1	1	0
350	0	0	0	2	9	8	1	1	1	0
351	0	0	0	2	9	9	1	1	1	0
352	0	0	0	2	9	10	1	1	1	0
353	0	0	0	2	10	0	1	1	1	0
354	0	0	0	2	10	1	1	1	1	0
355	0	0	0	2	10	2	1	1	1	0
356	0	0	0	2	10	3	1	1	1	0
357	0	0	0	2	10	4	1	1	1	0
358	0	0	0	2	10	5	1	1	1	0
359	0	0	0	2	10	6	1	1	1	0
360	0	0	0	2	10	7	1	1	1	0
361	0	0	0	2	10	8	1	1	1	0
362	0	0	0	2	10	9	1	1	1	0
363	0	0	0	2	10	10	1	1	1	0
364	1	1	1	3	0	0	0	0	0	0
365	1	1	1	3	0	1	0	0	0	0
366	1	1	1	3	0	2	0	0	0	0
367	1	1	1	3	0	3	0	0	0	0
368	1	1	1	3	0	4	0	0	0	0
369	1	1	1	3	0	5	0	0	0	0
370	1	1	1	3	0	6	0	0	0	0
371	1	1	1	3	0	7	0	0	0	0
372	1	1	1	3	0	8	0	0	0	0
373	1	1	1	3	0	9	0	0	0	0
374	1	1	1	3	0	10	0	0	0	0
375	0	0	0	3	1	0	1	1	1	0
376	0	0	0	3	1	1	1	1	1	0
377	0	0	0	3	1	2	1	1	1	0
378	0	0	0	3	1	3	1	1	1	0
379	0	0	0	3	1	4	1	1	1	0
380	0	0	0	3	1	5	1	1	1	0
381	0	0	0	3	1	6	1	1	1	0
382	0	0	0	3	1	7	1	1	1	0
383	0	0	0	3	1	8	1	1	1	0
384	0	0	0	3	1	9	1	1	1	0
385	0	0	0	3	1	10	1	1	1	0
386	0	0	0	3	2	0	1	1	1	0
387	0	0	0	3	2	1	1	1	1	0
388	0	0	0	3	2	2	1	1	1	0
389	0	0	0	3	2	3	1	1	1	0
390	0	0	0	3	2	4	1	1	1	0
391	0	0	0	3	2	5	1	1	1	0
392	0	0	0	3	2	6	1	1	1	0
393	0	0	0	3	2	7	1	1	1	0
394	0	0	0	3	2	8	1	1	1	0
395	0	0	0	3	2	9	1	1	1	0
396	0	0	0	3	2	10	1	1	1	0
397	0	0	0	3	3	0	1	1	1	0
398	0	0	0	3	3	1	1	1	1	0
399	0	0	0	3	3	2	1	1	1	0
400	0	0	0	3	3	3	1	1	1	0
401	0	0	0	3	3	4	1	1	1	0
402	0	0	0	3	3	5	1	1	1	0
403	0	0	0	3	3	6	1	1	1	0
404	0	0	0	3	3	7	1	1	1	0
405	0	0	0	3	3	8	1	1	1	0
406	0	0	0	3	3	9	1	1	1	0
407	0	0	0	3	3	10	1	1	1	0
408	0	0	0	3	4	0	1	1	1	0
409	0	0	0	3	4	1	1	1	1	0
410	0	0	0	3	4	2	1	1	1	0
411	0	0	0	3	4	3	1	1	1	0
412	0	0	0	3	4	4	1	1	1	0
413	0	0	0	3	4	5	1	1	1	0
414	0	0	0	3	4	6	1	1	1	0
415	0	0	0	3	4	7	1	1	1	0
416	0	0	0	3	4	8	1	1	1	0
417	0	0	0	3	4	9	1	1	1	0
418	0	0	0	3	4	10	1	1	1	0
419	0	0	0	3	5	0	1	1	1	0
420	0	0	0	3	5	1	1	1	1	0
421	0	0	0	3	5	2	1	1	1	0
422	0	0	0	3	5	3	1	1	1	0
423	0	0	0	3	5	4	1	1	1	0
424	0	0	0	3	5	5	1	1	1	0
425	0	0	0	3	5	6	1	1	1	0
426	0	0	0	3	5	7	1	1	1	0
427	0	0	0	3	5	8	1	1	1	0
428	0	0	0	3	5	9	1	1	1	0
429	0	0	0	3	5	10	1	1	1	0
430	0	0	0	3	6	0	1	1	1	0
431	0	0	0	3	6	1	1	1	1	0
432	0	0	0	3	6	2	1	1	1	0
433	0	0	0	3	6	3	1	1	1	0
434	0	0	0	3	6	4	1	1	1	0
435	0	0	0	3	6	5	1	1	1	0
436	0	0	0	3	6	6	1	1	1	0
437	0	0	0	3	6	7	1	1	1	0
438	0	0	0	3	6	8	1	1	1	0
439	0	0	0	3	6	9	1	1	1	0
440	0	0	0	3	6	10	1	1	1	0
441	0	0	0	3	7	0	1	1	1	0
442	0	0	0	3	7	1	1	1	1	0
443	0	0	0	3	7	2	1	1	1	0
444	0	0	0	3	7	3	1	1	1	0
445	0	0	0	3	7	4	1	1	1	0
446	0	0	0	3	7	5	1	1	1	0
447	0	0	0	3	7	6	1	1	1	0
448	0	0	0	3	7	7	1	1	1	0
449	0	0	0	3	7	8	1	1	1	0
450	0	0	0	3	7	9	1	1	1	0
451	0	0	0	3	7	10	1	1	1	0
452	0	0	0	3	8	0	1	1	1	0
453	0	0	0	3	8	1	1	1	1	0
454	0	0	0	3	8	2	1	1	1	0
455	0	0	0	3	8	3	1	1	1	0
456	0	0	0	3	8	4	1	1	1	0
457	0	0	0	3	8	5	1	1	1	0
458	0	0	0	3	8	6	1	1	1	0
459	0	0	0	3	8	7	1	1	1	0
460	0	0	0	3	8	8	1	1	1	0
461	0	0	0	3	8	9	1	1	1	0
462	0	0	0	3	8	10	1	1	1	0
463	0	0	0	3	9	0	1	1	1	0
464	0	0	0	3	9	1	1	1	1	0
465	0	0	0	3	9	2	1	1	1	0
466	0	0	0	3	9	3	1	1	1	0
467	0	0	0	3	9	4	1	1	1	0
468	0	0	0	3	9	5	1	1	1	0
469	0	0	0	3	9	6	1	1	1	0
470	0	0	0	3	9	7	1	1	1	0
471	0	0	0	3	9	8	1	1	1	0
472	0	0	0	3	9	9	1	1	1	0
473	0	0	0	3	9	10	1	1	1	0
474	0	0	0	3	10	0	1	1	1	0
475	0	0	0	3	10	1	1	1	1	0
476	0	0	0	3	10	2	1	1	1	0
477	0	0	0	3	10	3	1	1	1	0
478	0	0	0	3	10	4	1	1	1	0
479	0	0	0	3	10	5	1	1	1	0
480	0	0	0	3	10	6	1	1	1	0
481	0	0	0	3	10	7	1	1	1	0
482	0	0	0	3	10	8	1	1	1	0
483	0	0	0	3	10	9	1	1	1	0
484	0	0	0	3	10	10	1	1	1	0
485	1	1	1	4	0	0	0	0	0	0
486	1	1	1	4	0	1	0	0	0	0
487	1	1	1	4	0	2	0	0	0	0
488	1	1	1	4	0	3	0	0	0	0
489	1	1	1	4	0	4	0	0	0	0
490	1	1	1	4	0	5	0	0	0	0
491	1	1	1	4	0	6	0	0	0	0
492	1	1	1	4	0	7	0	0	0	0
493	1	1	1	4	0	8	0	0	0	0
494	1	1	1	4	0	9	0	0	0	0
495	1	1	1	4	0	10	0	0	0	0
496	0	0	0	4	1	0	1	1	1	0
497	0	0	0	4	1	1	1	1	1	0
498	0	0	0	4	1	2	1	1	1	0
499	0	0	0	4	1	3	1	1	1	0
500	0	0	0	4	1	4	1	1	1	0
501	0	0	0	4	1	5	1	1	1	0
502	0	0	0	4	1	6	1	1	1	0
503	0	0	0	4	1	7	1	1	1	0
504	0	0	0	4	1	8	1	1	1	0
505	0	0	0	4	1	9	1	1	1	0
506	0	0	0	4	1	10	1	1	1	0
507	0	0	0	4	2	0	1	1	1	0
508	0	0	0	4	2	1	1	1	1	0
509	0	0	0	4	2	2	1	1	1	0
510	0	0	0	4	2	3	1	1	1	0
511	0	0	0	4	2	4	1	1	1	0
512	0	0	0	4	2	5	1	1	1	0
513	0	0	0	4	2	6	1	1	1	0
514	0	0	0	4	2	7	1	1	1	0
515	0	0	0	4	2	8	1	1	1	0
516	0	0	0	4	2	9	1	1	1	0
517	0	0	0	4	2	10	1	1	1	0
518	0	0	0	4	3	0	1	1	1	0
519	0	0	0	4	3	1	1	1	1	0
520	0	0	0	4	3	2	1	1	1	0
521	0	0	0	4	3	3	1	1	1	0
522	0	0	0	4	3	4	1	1	1	0
523	0	0	0	4	3	5	1	1	1	0
524	0	0	0	4	3	6	1	1	1	0
525	0	0	0	4	3	7	1	1	1	0
526	0	0	0	4	3	8	1	1	1	0
527	0	0	0	4	3	9	1	1	1	0
528	0	0	0	4	3	10	1	1	1	0
529	0	0	0	4	4	0	1	1	1	0
530	0	0	0	4	4	1	1	1	1	0
531	0	0	0	4	4	2	1	1	1	0
532	0	0	0	4	4	3	1	1	1	0
533	0	0	0	4	4	4	1	1	1	0
534	0	0	0	4	4	5	1	1	1	0
535	0	0	0	4	4	6	1	1	1	0
536	0	0	0	4	4	7	1	1	1	0
537	0	0	0	4	4	8	1	1	1	0
538	0	0	0	4	4	9	1	1	1	0
539	0	0	0	4	4	10	1	1	1	0
540	0	0	0	4	5	0	1	1	1	0
541	0	0	0	4	5	1	1	1	1	0
542	0	0	0	4	5	2	1	1	1	0
543	0	0	0	4	5	3	1	1	1	0
544	0	0	0	4	5	4	1	1	1	0
545	0	0	0	4	5	5	1	1	1	0
546	0	0	0	4	5	6	1	1	1	0
547	0	0	0	4	5	7	1	1	1	0
548	0	0	0	4	5	8	1	1	1	0
549	0	0	0	4	5	9	1	1	1	0
550	0	0	0	4	5	10	1	1	1	0
551	0	0	0	4	6	0	1	1	1	0
552	0	0	0	4	6	1	1	1	1	0
553	0	0	0	4	6	2	1	1	1	0
554	0	0	0	4	6	3	1	1	1	0
555	0	0	0	4	6	4	1	1	1	0
556	0	0	0	4	6	5	1	1	1	0
557	0	0	0	4	6	6	1	1	1	0
558	0	0	0	4	6	7	1	1	1	0
559	0	0	0	4	6	8	1	1	1	0
560	0	0	0	4	6	9	1	1	1	0
561	0	0	0	4	6	10	1	1	1	0
562	0	0	0	4	7	0	1	1	1	0
563	0	0	0	4	7	1	1	1	1	0
564	0	0	0	4	7	2	1	1	1	0
565	0	0	0	4	7	3	1	1	1	0
566	0	0	0	4	7	4	1	1	1	0
567	0	0	0	4	7	5	1	1	1	0
568	0	0	0	4	7	6	1	1	1	0
569	0	0	0	4	7	7	1	1	1	0
570	0	0	0	4	7	8	1	1	1	0
571	0	0	0	4	7	9	1	1	1	0
572	0	0	0	4	7	10	1	1	1	0
573	0	0	0	4	8	0	1	1	1	0
574	0	0	0	4	8	1	1	1	1	0
575	0	0	0	4	8	2	1	1	1	0
576	0	0	0	4	8	3	1	1	1	0
577	0	0	0	4	8	4	1	1	1	0
578	0	0	0	4	8	5	1	1	1	0
579	0	0	0	4	8	6	1	1	1	0
580	0	0	0	4	8	7	1	1	1	0
581	0	0	0	4	8	8	1	1	1	0
582	0	0	0	4	8	9	1	1	1	0
583	0	0	0	4	8	10	1	1	1	0
584	0	0	0	4	9	0	1	1	1	0
585	0	0	0	4	9	1	1	1	1	0
586	0	0	0	4	9	2	1	1	1	0
587	0	0	0	4	9	3	1	1	1	0
588	0	0	0	4	9	4	1	1	1	0
589	0	0	0	4	9	5	1	1	1	0
590	0	0	0	4	9	6	1	1	1	0
591	0	0	0	4	9	7	1	1	1	0
592	0	0	0	4	9	8	1	1	1	0
593	0	0	0	4	9	9	1	1	1	0
594	0	0	0	4	9	10	1	1	1	0
595	0	0	0	4	10	0	1	1	1	0
596	0	0	0	4	10	1	1	1	1	0
597	0	0	0	4	10	2	1	1	1	0
598	0	0	0	4	10	3	1	1	1	0
599	0	0	0	4	10	4	1	1	1	0
600	0	0	0	4	10	5	1	1	1	0
601	0	0	0	4	10	6	1	1	1	0
602	0	0	0	4	10	7	1	1	1	0
603	0	0	0	4	10	8	1	1	1	0
604	0	0	0	4	10	9	1	1	1	0
605	0	0	0	4	10	10	1	1	1	0
606	1	1	1	5	0	0	0	0	0	0
607	1	1	1	5	0	1	0	0	0	0
608	1	1	1	5	0	2	0	0	0	0
609	1	1	1	5	0	3	0	0	0	0
610	1	1	1	5	0	4	0	0	0	0
611	1	1	1	5	0	5	0	0	0	0
612	1	1	1	5	0	6	0	0	0	0
613	1	1	1	5	0	7	0	0	0	0
614	1	1	1	5	0	8	0	0	0	0
615	1	1	1	5	0	9	0	0	0	0
616	1	1	1	5	0	10	0	0	0	0
617	0	0	0	5	1	0	1	1	1	0
618	0	0	0	5	1	1	1	1	1	0
619	0	0	0	5	1	2	1	1	1	0
620	0	0	0	5	1	3	1	1	1	0
621	0	0	0	5	1	4	1	1	1	0
622	0	0	0	5	1	5	1	1	1	0
623	0	0	0	5	1	6	1	1	1	0
624	0	0	0	5	1	7	1	1	1	0
625	0	0	0	5	1	8	1	1	1	0
626	0	0	0	5	1	9	1	1	1	0
627	0	0	0	5	1	10	1	1	1	0
628	0	0	0	5	2	0	1	1	1	0
629	0	0	0	5	2	1	1	1	1	0
630	0	0	0	5	2	2	1	1	1	0
631	0	0	0	5	2	3	1	1	1	0
632	0	0	0	5	2	4	1	1	1	0
633	0	0	0	5	2	5	1	1	1	0
634	0	0	0	5	2	6	1	1	1	0
635	0	0	0	5	2	7	1	1	1	0
636	0	0	0	5	2	8	1	1	1	0
637	0	0	0	5	2	9	1	1	1	0
638	0	0	0	5	2	10	1	1	1	0
639	0	0	0	5	3	0	1	1	1	0
640	0	0	0	5	3	1	1	1	1	0
641	0	0	0	5	3	2	1	1	1	0
642	0	0	0	5	3	3	1	1	1	0
643	0	0	0	5	3	4	1	1	1	0
644	0	0	0	5	3	5	1	1	1	0
645	0	0	0	5	3	6	1	1	1	0
646	0	0	0	5	3	7	1	1	1	0
647	0	0	0	5	3	8	1	1	1	0
648	0	0	0	5	3	9	1	1	1	0
649	0	0	0	5	3	10	1	1	1	0
650	0	0	0	5	4	0	1	1	1	0
651	0	0	0	5	4	1	1	1	1	0
652	0	0	0	5	4	2	1	1	1	0
653	0	0	0	5	4	3	1	1	1	0
654	0	0	0	5	4	4	1	1	1	0
655	0	0	0	5	4	5	1	1	1	0
656	0	0	0	5	4	6	1	1	1	0
657	0	0	0	5	4	7	1	1	1	0
658	0	0	0	5	4	8	1	1	1	0
659	0	0	0	5	4	9	1	1	1	0
660	0	0	0	5	4	10	1	1	1	0
661	0	0	0	5	5	0	1	1	1	0
662	0	0	0	5	5	1	1	1	1	0
663	0	0	0	5	5	2	1	1	1	0
664	0	0	0	5	5	3	1	1	1	0
665	0	0	0	5	5	4	1	1	1	0
666	0	0	0	5	5	5	1	1	1	0
667	0	0	0	5	5	6	1	1	1	0
668	0	0	0	5	5	7	1	1	1	0
669	0	0	0	5	5	8	1	1	1	0
670	0	0	0	5	5	9	1	1	1	0
671	0	0	0	5	5	10	1	1	1	0
672	0	0	0	5	6	0	1	1	1	0
673	0	0	0	5	6	1	1	1	1	0
674	0	0	0	5	6	2	1	1	1	0
675	0	0	0	5	6	3	1	1	1	0
676	0	0	0	5	6	4	1	1	1	0
677	0	0	0	5	6	5	1	1	1	0
678	0	0	0	5	6	6	1	1	1	0
679	0	0	0	5	6	7	1	1	1	0
680	0	0	0	5	6	8	1	1	1	0
681	0	0	0	5	6	9	1	1	1	0
682	0	0	0	5	6	10	1	1	1	0
683	0	0	0	5	7	0	1	1	1	0
684	0	0	0	5	7	1	1	1	1	0
685	0	0	0	5	7	2	1	1	1	0
686	0	0	0	5	7	3	1	1	1	0
687	0	0	0	5	7	4	1	1	1	0
688	0	0	0	5	7	5	1	1	1	0
689	0	0	0	5	7	6	1	1	1	0
690	0	0	0	5	7	7	1	1	1	0
691	0	0	0	5	7	8	1	1	1	0
692	0	0	0	5	7	9	1	1	1	0
693	0	0	0	5	7	10	1	1	1	0
694	0	0	0	5	8	0	1	1	1	0
695	0	0	0	5	8	1	1	1	1	0
696	0	0	0	5	8	2	1	1	1	0
697	0	0	0	5	8	3	1	1	1	0
698	0	0	0	5	8	4	1	1	1	0
699	0	0	0	5	8	5	1	1	1	0
700	0	0	0	5	8	6	1	1	1	0
701	0	0	0	5	8	7	1	1	1	0
702	0	0	0	5	8	8	1	1	1	0
703	0	0	0	5	8	9	1	1	1	0
704	0	0	0	5	8	10	1	1	1	0
705	0	0	0	5	9	0	1	1	1	0
706	0	0	0	5	9	1	1	1	1	0
707	0	0	0	5	9	2	1	1	1	0
708	0	0	0	5	9	3	1	1	1	0
709	0	0	0	5	9	4	1	1	1	0
710	0	0	0	5	9	5	1	1	1	0
711	0	0	0	5	9	6	1	1	1	0
712	0	0	0	5	9	7	1	1	1	0
713	0	0	0	5	9	8	1	1	1	0
714	0	0	0	5	9	9	1	1	1	0
715	0	0	0	5	9	10	1	1	1	0
716	0	0	0	5	10	0	1	1	1	0
717	0	0	0	5	10	1	1	1	1	0
718	0	0	0	5	10	2	1	1	1	0
719	0	0	0	5	10	3	1	1	1	0
720	0	0	0	5	10	4	1	1	1	0
721	0	0	0	5	10	5	1	1	1	0
722	0	0	0	5	10	6	1	1	1	0
723	0	0	0	5	10	7	1	1	1	0
724	0	0	0	5	10	8	1	1	1	0
725	0	0	0	5	10	9	1	1	1	0
726	0	0	0	5	10	10	1	1	1	0
727	1	1	1	6	0	0	0	0	0	0
728	1	1	1	6	0	1	0	0	0	0
729	1	1	1	6	0	2	0	0	0	0
730	1	1	1	6	0	3	0	0	0	0
731	1	1	1	6	0	4	0	0	0	0
732	1	1	1	6	0	5	0	0	0	0
733	1	1	1	6	0	6	0	0	0	0
734	1	1	1	6	0	7	0	0	0	0
735	1	1	1	6	0	8	0	0	0	0
736	1	1	1	6	0	9	0	0	0	0
737	1	1	1	6	0	10	0	0	0	0
738	0	0	0	6	1	0	1	1	1	0
739	0	0	0	6	1	1	1	1	1	0
740	0	0	0	6	1	2	1	1	1	0
741	0	0	0	6	1	3	1	1	1	0
742	0	0	0	6	1	4	1	1	1	0
743	0	0	0	6	1	5	1	1	1	0
744	0	0	0	6	1	6	1	1	1	0
745	0	0	0	6	1	7	1	1	1	0
746	0	0	0	6	1	8	1	1	1	0
747	0	0	0	6	1	9	1	1	1	0
748	0	0	0	6	1	10	1	1	1	0
749	0	0	0	6	2	0	1	1	1	0
750	0	0	0	6	2	1	1	1	1	0
751	0	0	0	6	2	2	1	1	1	0
752	0	0	0	6	2	3	1	1	1	0
753	0	0	0	6	2	4	1	1	1	0
754	0	0	0	6	2	5	1	1	1	0
755	0	0	0	6	2	6	1	1	1	0
756	0	0	0	6	2	7	1	1	1	0
757	0	0	0	6	2	8	1	1	1	0
758	0	0	0	6	2	9	1	1	1	0
759	0	0	0	6	2	10	1	1	1	0
760	0	0	0	6	3	0	1	1	1	0
761	0	0	0	6	3	1	1	1	1	0
762	0	0	0	6	3	2	1	1	1	0
763	0	0	0	6	3	3	1	1	1	0
764	0	0	0	6	3	4	1	1	1	0
765	0	0	0	6	3	5	1	1	1	0
766	0	0	0	6	3	6	1	1	1	0
767	0	0	0	6	3	7	1	1	1	0
768	0	0	0	6	3	8	1	1	1	0
769	0	0	0	6	3	9	1	1	1	0
770	0	0	0	6	3	10	1	1	1	0
771	0	0	0	6	4	0	1	1	1	0
772	0	0	0	6	4	1	1	1	1	0
773	0	0	0	6	4	2	1	1	1	0
774	0	0	0	6	4	3	1	1	1	0
775	0	0	0	6	4	4	1	1	1	0
776	0	0	0	6	4	5	1	1	1	0
777	0	0	0	6	4	6	1	1	1	0
778	0	0	0	6	4	7	1	1	1	0
779	0	0	0	6	4	8	1	1	1	0
780	0	0	0	6	4	9	1	1	1	0
781	0	0	0	6	4	10	1	1	1	0
782	0	0	0	6	5	0	1	1	1	0
783	0	0	0	6	5	1	1	1	1	0
784	0	0	0	6	5	2	1	1	1	0
785	0	0	0	6	5	3	1	1	1	0
786	0	0	0	6	5	4	1	1	1	0
787	0	0	0	6	5	5	1	1	1	0
788	0	0	0	6	5	6	1	1	1	0
789	0	0	0	6	5	7	1	1	1	0
790	0	0	0	6	5	8	1	1	1	0
791	0	0	0	6	5	9	1	1	1	0
792	0	0	0	6	5	10	1	1	1	0
793	0	0	0	6	6	0	1	1	1	0
794	0	0	0	6	6	1	1	1	1	0
795	0	0	0	6	6	2	1	1	1	0
796	0	0	0	6	6	3	1	1	1	0
797	0	0	0	6	6	4	1	1	1	0
798	0	0	0	6	6	5	1	1	1	0
799	0	0	0	6	6	6	1	1	1	0
800	0	0	0	6	6	7	1	1	1	0
801	0	0	0	6	6	8	1	1	1	0
802	0	0	0	6	6	9	1	1	1	0
803	0	0	0	6	6	10	1	1	1	0
804	0	0	0	6	7	0	1	1	1	0
805	0	0	0	6	7	1	1	1	1	0
806	0	0	0	6	7	2	1	1	1	0
807	0	0	0	6	7	3	1	1	1	0
808	0	0	0	6	7	4	1	1	1	0
809	0	0	0	6	7	5	1	1	1	0
810	0	0	0	6	7	6	1	1	1	0
811	0	0	0	6	7	7	1	1	1	0
812	0	0	0	6	7	8	1	1	1	0
813	0	0	0	6	7	9	1	1	1	0
814	0	0	0	6	7	10	1	1	1	0
815	0	0	0	6	8	0	1	1	1	0
816	0	0	0	6	8	1	1	1	1	0
817	0	0	0	6	8	2	1	1	1	0
818	0	0	0	6	8	3	1	1	1	0
819	0	0	0	6	8	4	1	1	1	0
820	0	0	0	6	8	5	1	1	1	0
821	0	0	0	6	8	6	1	1	1	0
822	0	0	0	6	8	7	1	1	1	0
823	0	0	0	6	8	8	1	1	1	0
824	0	0	0	6	8	9	1	1	1	0
825	0	0	0	6	8	10	1	1	1	0
826	0	0	0	6	9	0	1	1	1	0
827	0	0	0	6	9	1	1	1	1	0
828	0	0	0	6	9	2	1	1	1	0
829	0	0	0	6	9	3	1	1	1	0
830	0	0	0	6	9	4	1	1	1	0
831	0	0	0	6	9	5	1	1	1	0
832	0	0	0	6	9	6	1	1	1	0
833	0	0	0	6	9	7	1	1	1	0
834	0	0	0	6	9	8	1	1	1	0
835	0	0	0	6	9	9	1	1	1	0
836	0	0	0	6	9	10	1	1	1	0
837	0	0	0	6	10	0	1	1	1	0
838	0	0	0	6	10	1	1	1	1	0
839	0	0	0	6	10	2	1	1	1	0
840	0	0	0	6	10	3	1	1	1	0
841	0	0	0	6	10	4	1	1	1	0
842	0	0	0	6	10	5	1	1	1	0
843	0	0	0	6	10	6	1	1	1	0
844	0	0	0	6	10	7	1	1	1	0
845	0	0	0	6	10	8	1	1	1	0
846	0	0	0	6	10	9	1	1	1	0
847	0	0	0	6	10	10	1	1	1	0
848	1	1	1	7	0	0	0	0	0	0
849	1	1	1	7	0	1	0	0	0	0
850	1	1	1	7	0	2	0	0	0	0
851	1	1	1	7	0	3	0	0	0	0
852	1	1	1	7	0	4	0	0	0	0
853	1	1	1	7	0	5	0	0	0	0
854	1	1	1	7	0	6	0	0	0	0
855	1	1	1	7	0	7	0	0	0	0
856	1	1	1	7	0	8	0	0	0	0
857	1	1	1	7	0	9	0	0	0	0
858	1	1	1	7	0	10	0	0	0	0
859	0	0	0	7	1	0	1	1	1	0
860	0	0	0	7	1	1	1	1	1	0
861	0	0	0	7	1	2	1	1	1	0
862	0	0	0	7	1	3	1	1	1	0
863	0	0	0	7	1	4	1	1	1	0
864	0	0	0	7	1	5	1	1	1	0
865	0	0	0	7	1	6	1	1	1	0
866	0	0	0	7	1	7	1	1	1	0
867	0	0	0	7	1	8	1	1	1	0
868	0	0	0	7	1	9	1	1	1	0
869	0	0	0	7	1	10	1	1	1	0
870	0	0	0	7	2	0	1	1	1	0
871	0	0	0	7	2	1	1	1	1	0
872	0	0	0	7	2	2	1	1	1	0
873	0	0	0	7	2	3	1	1	1	0
874	0	0	0	7	2	4	1	1	1	0
875	0	0	0	7	2	5	1	1	1	0
876	0	0	0	7	2	6	1	1	1	0
877	0	0	0	7	2	7	1	1	1	0
878	0	0	0	7	2	8	1	1	1	0
879	0	0	0	7	2	9	1	1	1	0
880	0	0	0	7	2	10	1	1	1	0
881	0	0	0	7	3	0	1	1	1	0
882	0	0	0	7	3	1	1	1	1	0
883	0	0	0	7	3	2	1	1	1	0
884	0	0	0	7	3	3	1	1	1	0
885	0	0	0	7	3	4	1	1	1	0
886	0	0	0	7	3	5	1	1	1	0
887	0	0	0	7	3	6	1	1	1	0
888	0	0	0	7	3	7	1	1	1	0
889	0	0	0	7	3	8	1	1	1	0
890	0	0	0	7	3	9	1	1	1	0
891	0	0	0	7	3	10	1	1	1	0
892	0	0	0	7	4	0	1	1	1	0
893	0	0	0	7	4	1	1	1	1	0
894	0	0	0	7	4	2	1	1	1	0
895	0	0	0	7	4	3	1	1	1	0
896	0	0	0	7	4	4	1	1	1	0
897	0	0	0	7	4	5	1	1	1	0
898	0	0	0	7	4	6	1	1	1	0
899	0	0	0	7	4	7	1	1	1	0
900	0	0	0	7	4	8	1	1	1	0
901	0	0	0	7	4	9	1	1	1	0
902	0	0	0	7	4	10	1	1	1	0
903	0	0	0	7	5	0	1	1	1	0
904	0	0	0	7	5	1	1	1	1	0
905	0	0	0	7	5	2	1	1	1	0
906	0	0	0	7	5	3	1	1	1	0
907	0	0	0	7	5	4	1	1	1	0
908	0	0	0	7	5	5	1	1	1	0
909	0	0	0	7	5	6	1	1	1	0
910	0	0	0	7	5	7	1	1	1	0
911	0	0	0	7	5	8	1	1	1	0
912	0	0	0	7	5	9	1	1	1	0
913	0	0	0	7	5	10	1	1	1	0
914	0	0	0	7	6	0	1	1	1	0
915	0	0	0	7	6	1	1	1	1	0
916	0	0	0	7	6	2	1	1	1	0
917	0	0	0	7	6	3	1	1	1	0
918	0	0	0	7	6	4	1	1	1	0
919	0	0	0	7	6	5	1	1	1	0
920	0	0	0	7	6	6	1	1	1	0
921	0	0	0	7	6	7	1	1	1	0
922	0	0	0	7	6	8	1	1	1	0
923	0	0	0	7	6	9	1	1	1	0
924	0	0	0	7	6	10	1	1	1	0
925	0	0	0	7	7	0	1	1	1	0
926	0	0	0	7	7	1	1	1	1	0
927	0	0	0	7	7	2	1	1	1	0
928	0	0	0	7	7	3	1	1	1	0
929	0	0	0	7	7	4	1	1	1	0
930	0	0	0	7	7	5	1	1	1	0
931	0	0	0	7	7	6	1	1	1	0
932	0	0	0	7	7	7	1	1	1	0
933	0	0	0	7	7	8	1	1	1	0
934	0	0	0	7	7	9	1	1	1	0
935	0	0	0	7	7	10	1	1	1	0
936	0	0	0	7	8	0	1	1	1	0
937	0	0	0	7	8	1	1	1	1	0
938	0	0	0	7	8	2	1	1	1	0
939	0	0	0	7	8	3	1	1	1	0
940	0	0	0	7	8	4	1	1	1	0
941	0	0	0	7	8	5	1	1	1	0
942	0	0	0	7	8	6	1	1	1	0
943	0	0	0	7	8	7	1	1	1	0
944	0	0	0	7	8	8	1	1	1	0
945	0	0	0	7	8	9	1	1	1	0
946	0	0	0	7	8	10	1	1	1	0
947	0	0	0	7	9	0	1	1	1	0
948	0	0	0	7	9	1	1	1	1	0
949	0	0	0	7	9	2	1	1	1	0
950	0	0	0	7	9	3	1	1	1	0
951	0	0	0	7	9	4	1	1	1	0
952	0	0	0	7	9	5	1	1	1	0
953	0	0	0	7	9	6	1	1	1	0
954	0	0	0	7	9	7	1	1	1	0
955	0	0	0	7	9	8	1	1	1	0
956	0	0	0	7	9	9	1	1	1	0
957	0	0	0	7	9	10	1	1	1	0
958	0	0	0	7	10	0	1	1	1	0
959	0	0	0	7	10	1	1	1	1	0
960	0	0	0	7	10	2	1	1	1	0
961	0	0	0	7	10	3	1	1	1	0
962	0	0	0	7	10	4	1	1	1	0
963	0	0	0	7	10	5	1	1	1	0
964	0	0	0	7	10	6	1	1	1	0
965	0	0	0	7	10	7	1	1	1	0
966	0	0	0	7	10	8	1	1	1	0
967	0	0	0	7	10	9	1	1	1	0
968	0	0	0	7	10	10	1	1	1	0
969	1	1	1	8	0	0	0	0	0	0
970	1	1	1	8	0	1	0	0	0	0
971	1	1	1	8	0	2	0	0	0	0
972	1	1	1	8	0	3	0	0	0	0
973	1	1	1	8	0	4	0	0	0	0
974	1	1	1	8	0	5	0	0	0	0
975	1	1	1	8	0	6	0	0	0	0
976	1	1	1	8	0	7	0	0	0	0
977	1	1	1	8	0	8	0	0	0	0
978	1	1	1	8	0	9	0	0	0	0
979	1	1	1	8	0	10	0	0	0	0
980	0	0	0	8	1	0	1	1	1	0
981	0	0	0	8	1	1	1	1	1	0
982	0	0	0	8	1	2	1	1	1	0
983	0	0	0	8	1	3	1	1	1	0
984	0	0	0	8	1	4	1	1	1	0
985	0	0	0	8	1	5	1	1	1	0
986	0	0	0	8	1	6	1	1	1	0
987	0	0	0	8	1	7	1	1	1	0
988	0	0	0	8	1	8	1	1	1	0
989	0	0	0	8	1	9	1	1	1	0
990	0	0	0	8	1	10	1	1	1	0
991	0	0	0	8	2	0	1	1	1	0
992	0	0	0	8	2	1	1	1	1	0
993	0	0	0	8	2	2	1	1	1	0
994	0	0	0	8	2	3	1	1	1	0
995	0	0	0	8	2	4	1	1	1	0
996	0	0	0	8	2	5	1	1	1	0
997	0	0	0	8	2	6	1	1	1	0
998	0	0	0	8	2	7	1	1	1	0
999	0	0	0	8	2	8	1	1	1	0
1000	0	0	0	8	2	9	1	1	1	0
1001	0	0	0	8	2	10	1	1	1	0
1002	0	0	0	8	3	0	1	1	1	0
1003	0	0	0	8	3	1	1	1	1	0
1004	0	0	0	8	3	2	1	1	1	0
1005	0	0	0	8	3	3	1	1	1	0
1006	0	0	0	8	3	4	1	1	1	0
1007	0	0	0	8	3	5	1	1	1	0
1008	0	0	0	8	3	6	1	1	1	0
1009	0	0	0	8	3	7	1	1	1	0
1010	0	0	0	8	3	8	1	1	1	0
1011	0	0	0	8	3	9	1	1	1	0
1012	0	0	0	8	3	10	1	1	1	0
1013	0	0	0	8	4	0	1	1	1	0
1014	0	0	0	8	4	1	1	1	1	0
1015	0	0	0	8	4	2	1	1	1	0
1016	0	0	0	8	4	3	1	1	1	0
1017	0	0	0	8	4	4	1	1	1	0
1018	0	0	0	8	4	5	1	1	1	0
1019	0	0	0	8	4	6	1	1	1	0
1020	0	0	0	8	4	7	1	1	1	0
1021	0	0	0	8	4	8	1	1	1	0
1022	0	0	0	8	4	9	1	1	1	0
1023	0	0	0	8	4	10	1	1	1	0
1024	0	0	0	8	5	0	1	1	1	0
1025	0	0	0	8	5	1	1	1	1	0
1026	0	0	0	8	5	2	1	1	1	0
1027	0	0	0	8	5	3	1	1	1	0
1028	0	0	0	8	5	4	1	1	1	0
1029	0	0	0	8	5	5	1	1	1	0
1030	0	0	0	8	5	6	1	1	1	0
1031	0	0	0	8	5	7	1	1	1	0
1032	0	0	0	8	5	8	1	1	1	0
1033	0	0	0	8	5	9	1	1	1	0
1034	0	0	0	8	5	10	1	1	1	0
1035	0	0	0	8	6	0	1	1	1	0
1036	0	0	0	8	6	1	1	1	1	0
1037	0	0	0	8	6	2	1	1	1	0
1038	0	0	0	8	6	3	1	1	1	0
1039	0	0	0	8	6	4	1	1	1	0
1040	0	0	0	8	6	5	1	1	1	0
1041	0	0	0	8	6	6	1	1	1	0
1042	0	0	0	8	6	7	1	1	1	0
1043	0	0	0	8	6	8	1	1	1	0
1044	0	0	0	8	6	9	1	1	1	0
1045	0	0	0	8	6	10	1	1	1	0
1046	0	0	0	8	7	0	1	1	1	0
1047	0	0	0	8	7	1	1	1	1	0
1048	0	0	0	8	7	2	1	1	1	0
1049	0	0	0	8	7	3	1	1	1	0
1050	0	0	0	8	7	4	1	1	1	0
1051	0	0	0	8	7	5	1	1	1	0
1052	0	0	0	8	7	6	1	1	1	0
1053	0	0	0	8	7	7	1	1	1	0
1054	0	0	0	8	7	8	1	1	1	0
1055	0	0	0	8	7	9	1	1	1	0
1056	0	0	0	8	7	10	1	1	1	0
1057	0	0	0	8	8	0	1	1	1	0
1058	0	0	0	8	8	1	1	1	1	0
1059	0	0	0	8	8	2	1	1	1	0
1060	0	0	0	8	8	3	1	1	1	0
1061	0	0	0	8	8	4	1	1	1	0
1062	0	0	0	8	8	5	1	1	1	0
1063	0	0	0	8	8	6	1	1	1	0
1064	0	0	0	8	8	7	1	1	1	0
1065	0	0	0	8	8	8	1	1	1	0
1066	0	0	0	8	8	9	1	1	1	0
1067	0	0	0	8	8	10	1	1	1	0
1068	0	0	0	8	9	0	1	1	1	0
1069	0	0	0	8	9	1	1	1	1	0
1070	0	0	0	8	9	2	1	1	1	0
1071	0	0	0	8	9	3	1	1	1	0
1072	0	0	0	8	9	4	1	1	1	0
1073	0	0	0	8	9	5	1	1	1	0
1074	0	0	0	8	9	6	1	1	1	0
1075	0	0	0	8	9	7	1	1	1	0
1076	0	0	0	8	9	8	1	1	1	0
1077	0	0	0	8	9	9	1	1	1	0
1078	0	0	0	8	9	10	1	1	1	0
1079	0	0	0	8	10	0	1	1	1	0
1080	0	0	0	8	10	1	1	1	1	0
1081	0	0	0	8	10	2	1	1	1	0
1082	0	0	0	8	10	3	1	1	1	0
1083	0	0	0	8	10	4	1	1	1	0
1084	0	0	0	8	10	5	1	1	1	0
1085	0	0	0	8	10	6	1	1	1	0
1086	0	0	0	8	10	7	1	1	1	0
1087	0	0	0	8	10	8	1	1	1	0
1088	0	0	0	8	10	9	1	1	1	0
1089	0	0	0	8	10	10	1	1	1	0
1090	1	1	1	9	0	0	0	0	0	0
1091	1	1	1	9	0	1	0	0	0	0
1092	1	1	1	9	0	2	0	0	0	0
1093	1	1	1	9	0	3	0	0	0	0
1094	1	1	1	9	0	4	0	0	0	0
1095	1	1	1	9	0	5	0	0	0	0
1096	1	1	1	9	0	6	0	0	0	0
1097	1	1	1	9	0	7	0	0	0	0
1098	1	1	1	9	0	8	0	0	0	0
1099	1	1	1	9	0	9	0	0	0	0
1100	1	1	1	9	0	10	0	0	0	0
1101	0	0	0	9	1	0	1	1	1	0
1102	0	0	0	9	1	1	1	1	1	0
1103	0	0	0	9	1	2	1	1	1	0
1104	0	0	0	9	1	3	1	1	1	0
1105	0	0	0	9	1	4	1	1	1	0
1106	0	0	0	9	1	5	1	1	1	0
1107	0	0	0	9	1	6	1	1	1	0
1108	0	0	0	9	1	7	1	1	1	0
1109	0	0	0	9	1	8	1	1	1	0
1110	0	0	0	9	1	9	1	1	1	0
1111	0	0	0	9	1	10	1	1	1	0
1112	0	0	0	9	2	0	1	1	1	0
1113	0	0	0	9	2	1	1	1	1	0
1114	0	0	0	9	2	2	1	1	1	0
1115	0	0	0	9	2	3	1	1	1	0
1116	0	0	0	9	2	4	1	1	1	0
1117	0	0	0	9	2	5	1	1	1	0
1118	0	0	0	9	2	6	1	1	1	0
1119	0	0	0	9	2	7	1	1	1	0
1120	0	0	0	9	2	8	1	1	1	0
1121	0	0	0	9	2	9	1	1	1	0
1122	0	0	0	9	2	10	1	1	1	0
1123	0	0	0	9	3	0	1	1	1	0
1124	0	0	0	9	3	1	1	1	1	0
1125	0	0	0	9	3	2	1	1	1	0
1126	0	0	0	9	3	3	1	1	1	0
1127	0	0	0	9	3	4	1	1	1	0
1128	0	0	0	9	3	5	1	1	1	0
1129	0	0	0	9	3	6	1	1	1	0
1130	0	0	0	9	3	7	1	1	1	0
1131	0	0	0	9	3	8	1	1	1	0
1132	0	0	0	9	3	9	1	1	1	0
1133	0	0	0	9	3	10	1	1	1	0
1134	0	0	0	9	4	0	1	1	1	0
1135	0	0	0	9	4	1	1	1	1	0
1136	0	0	0	9	4	2	1	1	1	0
1137	0	0	0	9	4	3	1	1	1	0
1138	0	0	0	9	4	4	1	1	1	0
1139	0	0	0	9	4	5	1	1	1	0
1140	0	0	0	9	4	6	1	1	1	0
1141	0	0	0	9	4	7	1	1	1	0
1142	0	0	0	9	4	8	1	1	1	0
1143	0	0	0	9	4	9	1	1	1	0
1144	0	0	0	9	4	10	1	1	1	0
1145	0	0	0	9	5	0	1	1	1	0
1146	0	0	0	9	5	1	1	1	1	0
1147	0	0	0	9	5	2	1	1	1	0
1148	0	0	0	9	5	3	1	1	1	0
1149	0	0	0	9	5	4	1	1	1	0
1150	0	0	0	9	5	5	1	1	1	0
1151	0	0	0	9	5	6	1	1	1	0
1152	0	0	0	9	5	7	1	1	1	0
1153	0	0	0	9	5	8	1	1	1	0
1154	0	0	0	9	5	9	1	1	1	0
1155	0	0	0	9	5	10	1	1	1	0
1156	0	0	0	9	6	0	1	1	1	0
1157	0	0	0	9	6	1	1	1	1	0
1158	0	0	0	9	6	2	1	1	1	0
1159	0	0	0	9	6	3	1	1	1	0
1160	0	0	0	9	6	4	1	1	1	0
1161	0	0	0	9	6	5	1	1	1	0
1162	0	0	0	9	6	6	1	1	1	0
1163	0	0	0	9	6	7	1	1	1	0
1164	0	0	0	9	6	8	1	1	1	0
1165	0	0	0	9	6	9	1	1	1	0
1166	0	0	0	9	6	10	1	1	1	0
1167	0	0	0	9	7	0	1	1	1	0
1168	0	0	0	9	7	1	1	1	1	0
1169	0	0	0	9	7	2	1	1	1	0
1170	0	0	0	9	7	3	1	1	1	0
1171	0	0	0	9	7	4	1	1	1	0
1172	0	0	0	9	7	5	1	1	1	0
1173	0	0	0	9	7	6	1	1	1	0
1174	0	0	0	9	7	7	1	1	1	0
1175	0	0	0	9	7	8	1	1	1	0
1176	0	0	0	9	7	9	1	1	1	0
1177	0	0	0	9	7	10	1	1	1	0
1178	0	0	0	9	8	0	1	1	1	0
1179	0	0	0	9	8	1	1	1	1	0
1180	0	0	0	9	8	2	1	1	1	0
1181	0	0	0	9	8	3	1	1	1	0
1182	0	0	0	9	8	4	1	1	1	0
1183	0	0	0	9	8	5	1	1	1	0
1184	0	0	0	9	8	6	1	1	1	0
1185	0	0	0	9	8	7	1	1	1	0
1186	0	0	0	9	8	8	1	1	1	0
1187	0	0	0	9	8	9	1	1	1	0
1188	0	0	0	9	8	10	1	1	1	0
1189	0	0	0	9	9	0	1	1	1	0
1190	0	0	0	9	9	1	1	1	1	0
1191	0	0	0	9	9	2	1	1	1	0
1192	0	0	0	9	9	3	1	1	1	0
1193	0	0	0	9	9	4	1	1	1	0
1194	0	0	0	9	9	5	1	1	1	0
1195	0	0	0	9	9	6	1	1	1	0
1196	0	0	0	9	9	7	1	1	1	0
1197	0	0	0	9	9	8	1	1	1	0
1198	0	0	0	9	9	9	1	1	1	0
1199	0	0	0	9	9	10	1	1	1	0
1200	0	0	0	9	10	0	1	1	1	0
1201	0	0	0	9	10	1	1	1	1	0
1202	0	0	0	9	10	2	1	1	1	0
1203	0	0	0	9	10	3	1	1	1	0
1204	0	0	0	9	10	4	1	1	1	0
1205	0	0	0	9	10	5	1	1	1	0
1206	0	0	0	9	10	6	1	1	1	0
1207	0	0	0	9	10	7	1	1	1	0
1208	0	0	0	9	10	8	1	1	1	0
1209	0	0	0	9	10	9	1	1	1	0
1210	0	0	0	9	10	10	1	1	1	0
1211	1	1	1	10	0	0	0	0	0	0
1212	1	1	1	10	0	1	0	0	0	0
1213	1	1	1	10	0	2	0	0	0	0
1214	1	1	1	10	0	3	0	0	0	0
1215	1	1	1	10	0	4	0	0	0	0
1216	1	1	1	10	0	5	0	0	0	0
1217	1	1	1	10	0	6	0	0	0	0
1218	1	1	1	10	0	7	0	0	0	0
1219	1	1	1	10	0	8	0	0	0	0
1220	1	1	1	10	0	9	0	0	0	0
1221	1	1	1	10	0	10	0	0	0	0
1222	0	0	0	10	1	0	1	1	1	0
1223	0	0	0	10	1	1	1	1	1	0
1224	0	0	0	10	1	2	1	1	1	0
1225	0	0	0	10	1	3	1	1	1	0
1226	0	0	0	10	1	4	1	1	1	0
1227	0	0	0	10	1	5	1	1	1	0
1228	0	0	0	10	1	6	1	1	1	0
1229	0	0	0	10	1	7	1	1	1	0
1230	0	0	0	10	1	8	1	1	1	0
1231	0	0	0	10	1	9	1	1	1	0
1232	0	0	0	10	1	10	1	1	1	0
1233	0	0	0	10	2	0	1	1	1	0
1234	0	0	0	10	2	1	1	1	1	0
1235	0	0	0	10	2	2	1	1	1	0
1236	0	0	0	10	2	3	1	1	1	0
1237	0	0	0	10	2	4	1	1	1	0
1238	0	0	0	10	2	5	1	1	1	0
1239	0	0	0	10	2	6	1	1	1	0
1240	0	0	0	10	2	7	1	1	1	0
1241	0	0	0	10	2	8	1	1	1	0
1242	0	0	0	10	2	9	1	1	1	0
1243	0	0	0	10	2	10	1	1	1	0
1244	0	0	0	10	3	0	1	1	1	0
1245	0	0	0	10	3	1	1	1	1	0
1246	0	0	0	10	3	2	1	1	1	0
1247	0	0	0	10	3	3	1	1	1	0
1248	0	0	0	10	3	4	1	1	1	0
1249	0	0	0	10	3	5	1	1	1	0
1250	0	0	0	10	3	6	1	1	1	0
1251	0	0	0	10	3	7	1	1	1	0
1252	0	0	0	10	3	8	1	1	1	0
1253	0	0	0	10	3	9	1	1	1	0
1254	0	0	0	10	3	10	1	1	1	0
1255	0	0	0	10	4	0	1	1	1	0
1256	0	0	0	10	4	1	1	1	1	0
1257	0	0	0	10	4	2	1	1	1	0
1258	0	0	0	10	4	3	1	1	1	0
1259	0	0	0	10	4	4	1	1	1	0
1260	0	0	0	10	4	5	1	1	1	0
1261	0	0	0	10	4	6	1	1	1	0
1262	0	0	0	10	4	7	1	1	1	0
1263	0	0	0	10	4	8	1	1	1	0
1264	0	0	0	10	4	9	1	1	1	0
1265	0	0	0	10	4	10	1	1	1	0
1266	0	0	0	10	5	0	1	1	1	0
1267	0	0	0	10	5	1	1	1	1	0
1268	0	0	0	10	5	2	1	1	1	0
1269	0	0	0	10	5	3	1	1	1	0
1270	0	0	0	10	5	4	1	1	1	0
1271	0	0	0	10	5	5	1	1	1	0
1272	0	0	0	10	5	6	1	1	1	0
1273	0	0	0	10	5	7	1	1	1	0
1274	0	0	0	10	5	8	1	1	1	0
1275	0	0	0	10	5	9	1	1	1	0
1276	0	0	0	10	5	10	1	1	1	0
1277	0	0	0	10	6	0	1	1	1	0
1278	0	0	0	10	6	1	1	1	1	0
1279	0	0	0	10	6	2	1	1	1	0
1280	0	0	0	10	6	3	1	1	1	0
1281	0	0	0	10	6	4	1	1	1	0
1282	0	0	0	10	6	5	1	1	1	0
1283	0	0	0	10	6	6	1	1	1	0
1284	0	0	0	10	6	7	1	1	1	0
1285	0	0	0	10	6	8	1	1	1	0
1286	0	0	0	10	6	9	1	1	1	0
1287	0	0	0	10	6	10	1	1	1	0
1288	0	0	0	10	7	0	1	1	1	0
1289	0	0	0	10	7	1	1	1	1	0
1290	0	0	0	10	7	2	1	1	1	0
1291	0	0	0	10	7	3	1	1	1	0
1292	0	0	0	10	7	4	1	1	1	0
1293	0	0	0	10	7	5	1	1	1	0
1294	0	0	0	10	7	6	1	1	1	0
1295	0	0	0	10	7	7	1	1	1	0
1296	0	0	0	10	7	8	1	1	1	0
1297	0	0	0	10	7	9	1	1	1	0
1298	0	0	0	10	7	10	1	1	1	0
1299	0	0	0	10	8	0	1	1	1	0
1300	0	0	0	10	8	1	1	1	1	0
1301	0	0	0	10	8	2	1	1	1	0
1302	0	0	0	10	8	3	1	1	1	0
1303	0	0	0	10	8	4	1	1	1	0
1304	0	0	0	10	8	5	1	1	1	0
1305	0	0	0	10	8	6	1	1	1	0
1306	0	0	0	10	8	7	1	1	1	0
1307	0	0	0	10	8	8	1	1	1	0
1308	0	0	0	10	8	9	1	1	1	0
1309	0	0	0	10	8	10	1	1	1	0
1310	0	0	0	10	9	0	1	1	1	0
1311	0	0	0	10	9	1	1	1	1	0
1312	0	0	0	10	9	2	1	1	1	0
1313	0	0	0	10	9	3	1	1	1	0
1314	0	0	0	10	9	4	1	1	1	0
1315	0	0	0	10	9	5	1	1	1	0
1316	0	0	0	10	9	6	1	1	1	0
1317	0	0	0	10	9	7	1	1	1	0
1318	0	0	0	10	9	8	1	1	1	0
1319	0	0	0	10	9	9	1	1	1	0
1320	0	0	0	10	9	10	1	1	1	0
1321	0	0	0	10	10	0	1	1	1	0
1322	0	0	0	10	10	1	1	1	1	0
1323	0	0	0	10	10	2	1	1	1	0
1324	0	0	0	10	10	3	1	1	1	0
1325	0	0	0	10	10	4	1	1	1	0
1326	0	0	0	10	10	5	1	1	1	0
1327	0	0	0	10	10	6	1	1	1	0
1328	0	0	0	10	10	7	1	1	1	0
1329	0	0	0	10	10	8	1	1	1	0
1330	0	0	0	10	10	9	1	1	1	0
1331	0	0	0	10	10	10	1	1	1	0
0	0	0	0	0	0	0	0	0	0	0
 	\MATERIAL !SET    E    PR    DENSITY  PAR1 
	            1   100   0.3     1560      0     
		    0     0     0        0      0    
!       \INITIAL  !N  UX UY UZ  VX VY VZ KN *******
	\LOAD  !N IDIRN FLOAD  NFUNC
11	3	-0.250000000000000	1
22	3	-0.500000000000000	1
33	3	-0.500000000000000	1
44	3	-0.500000000000000	1
55	3	-0.500000000000000	1
66	3	-0.500000000000000	1
77	3	-0.500000000000000	1
88	3	-0.500000000000000	1
99	3	-0.500000000000000	1
110	3	-0.500000000000000	1
121	3	-0.250000000000000	1
132	3	-0.500000000000000	1
143	3	-1	1
154	3	-1	1
165	3	-1	1
176	3	-1	1
187	3	-1	1
198	3	-1	1
209	3	-1	1
220	3	-1	1
231	3	-1	1
242	3	-0.500000000000000	1
253	3	-0.500000000000000	1
264	3	-1	1
275	3	-1	1
286	3	-1	1
297	3	-1	1
308	3	-1	1
319	3	-1	1
330	3	-1	1
341	3	-1	1
352	3	-1	1
363	3	-0.500000000000000	1
374	3	-0.500000000000000	1
385	3	-1	1
396	3	-1	1
407	3	-1	1
418	3	-1	1
429	3	-1	1
440	3	-1	1
451	3	-1	1
462	3	-1	1
473	3	-1	1
484	3	-0.500000000000000	1
495	3	-0.500000000000000	1
506	3	-1	1
517	3	-1	1
528	3	-1	1
539	3	-1	1
550	3	-1	1
561	3	-1	1
572	3	-1	1
583	3	-1	1
594	3	-1	1
605	3	-0.500000000000000	1
616	3	-0.500000000000000	1
627	3	-1	1
638	3	-1	1
649	3	-1	1
660	3	-1	1
671	3	-1	1
682	3	-1	1
693	3	-1	1
704	3	-1	1
715	3	-1	1
726	3	-0.500000000000000	1
737	3	-0.500000000000000	1
748	3	-1	1
759	3	-1	1
770	3	-1	1
781	3	-1	1
792	3	-1	1
803	3	-1	1
814	3	-1	1
825	3	-1	1
836	3	-1	1
847	3	-0.500000000000000	1
858	3	-0.500000000000000	1
869	3	-1	1
880	3	-1	1
891	3	-1	1
902	3	-1	1
913	3	-1	1
924	3	-1	1
935	3	-1	1
946	3	-1	1
957	3	-1	1
968	3	-0.500000000000000	1
979	3	-0.500000000000000	1
990	3	-1	1
1001	3	-1	1
1012	3	-1	1
1023	3	-1	1
1034	3	-1	1
1045	3	-1	1
1056	3	-1	1
1067	3	-1	1
1078	3	-1	1
1089	3	-0.500000000000000	1
1100	3	-0.500000000000000	1
1111	3	-1	1
1122	3	-1	1
1133	3	-1	1
1144	3	-1	1
1155	3	-1	1
1166	3	-1	1
1177	3	-1	1
1188	3	-1	1
1199	3	-1	1
1210	3	-0.500000000000000	1
1221	3	-0.250000000000000	1
1232	3	-0.500000000000000	1
1243	3	-0.500000000000000	1
1254	3	-0.500000000000000	1
1265	3	-0.500000000000000	1
1276	3	-0.500000000000000	1
1287	3	-0.500000000000000	1
1298	3	-0.500000000000000	1
1309	3	-0.500000000000000	1
1320	3	-0.500000000000000	1
1331	3	-0.250000000000000	1
0	0	0			0
	\ELEMENT
        \HEX8 
         MTYPE: 1  NUMELE: 1000  NINTG: 2 
	\END    !N   N1  N2  N3  N4  N5  N6   N7   N8 
1	1	12	13	2	122	133	134	123	0
2	2	13	14	3	123	134	135	124	0
3	3	14	15	4	124	135	136	125	0
4	4	15	16	5	125	136	137	126	0
5	5	16	17	6	126	137	138	127	0
6	6	17	18	7	127	138	139	128	0
7	7	18	19	8	128	139	140	129	0
8	8	19	20	9	129	140	141	130	0
9	9	20	21	10	130	141	142	131	0
10	10	21	22	11	131	142	143	132	0
11	12	23	24	13	133	144	145	134	0
12	13	24	25	14	134	145	146	135	0
13	14	25	26	15	135	146	147	136	0
14	15	26	27	16	136	147	148	137	0
15	16	27	28	17	137	148	149	138	0
16	17	28	29	18	138	149	150	139	0
17	18	29	30	19	139	150	151	140	0
18	19	30	31	20	140	151	152	141	0
19	20	31	32	21	141	152	153	142	0
20	21	32	33	22	142	153	154	143	0
21	23	34	35	24	144	155	156	145	0
22	24	35	36	25	145	156	157	146	0
23	25	36	37	26	146	157	158	147	0
24	26	37	38	27	147	158	159	148	0
25	27	38	39	28	148	159	160	149	0
26	28	39	40	29	149	160	161	150	0
27	29	40	41	30	150	161	162	151	0
28	30	41	42	31	151	162	163	152	0
29	31	42	43	32	152	163	164	153	0
30	32	43	44	33	153	164	165	154	0
31	34	45	46	35	155	166	167	156	0
32	35	46	47	36	156	167	168	157	0
33	36	47	48	37	157	168	169	158	0
34	37	48	49	38	158	169	170	159	0
35	38	49	50	39	159	170	171	160	0
36	39	50	51	40	160	171	172	161	0
37	40	51	52	41	161	172	173	162	0
38	41	52	53	42	162	173	174	163	0
39	42	53	54	43	163	174	175	164	0
40	43	54	55	44	164	175	176	165	0
41	45	56	57	46	166	177	178	167	0
42	46	57	58	47	167	178	179	168	0
43	47	58	59	48	168	179	180	169	0
44	48	59	60	49	169	180	181	170	0
45	49	60	61	50	170	181	182	171	0
46	50	61	62	51	171	182	183	172	0
47	51	62	63	52	172	183	184	173	0
48	52	63	64	53	173	184	185	174	0
49	53	64	65	54	174	185	186	175	0
50	54	65	66	55	175	186	187	176	0
51	56	67	68	57	177	188	189	178	0
52	57	68	69	58	178	189	190	179	0
53	58	69	70	59	179	190	191	180	0
54	59	70	71	60	180	191	192	181	0
55	60	71	72	61	181	192	193	182	0
56	61	72	73	62	182	193	194	183	0
57	62	73	74	63	183	194	195	184	0
58	63	74	75	64	184	195	196	185	0
59	64	75	76	65	185	196	197	186	0
60	65	76	77	66	186	197	198	187	0
61	67	78	79	68	188	199	200	189	0
62	68	79	80	69	189	200	201	190	0
63	69	80	81	70	190	201	202	191	0
64	70	81	82	71	191	202	203	192	0
65	71	82	83	72	192	203	204	193	0
66	72	83	84	73	193	204	205	194	0
67	73	84	85	74	194	205	206	195	0
68	74	85	86	75	195	206	207	196	0
69	75	86	87	76	196	207	208	197	0
70	76	87	88	77	197	208	209	198	0
71	78	89	90	79	199	210	211	200	0
72	79	90	91	80	200	211	212	201	0
73	80	91	92	81	201	212	213	202	0
74	81	92	93	82	202	213	214	203	0
75	82	93	94	83	203	214	215	204	0
76	83	94	95	84	204	215	216	205	0
77	84	95	96	85	205	216	217	206	0
78	85	96	97	86	206	217	218	207	0
79	86	97	98	87	207	218	219	208	0
80	87	98	99	88	208	219	220	209	0
81	89	100	101	90	210	221	222	211	0
82	90	101	102	91	211	222	223	212	0
83	91	102	103	92	212	223	224	213	0
84	92	103	104	93	213	224	225	214	0
85	93	104	105	94	214	225	226	215	0
86	94	105	106	95	215	226	227	216	0
87	95	106	107	96	216	227	228	217	0
88	96	107	108	97	217	228	229	218	0
89	97	108	109	98	218	229	230	219	0
90	98	109	110	99	219	230	231	220	0
91	100	111	112	101	221	232	233	222	0
92	101	112	113	102	222	233	234	223	0
93	102	113	114	103	223	234	235	224	0
94	103	114	115	104	224	235	236	225	0
95	104	115	116	105	225	236	237	226	0
96	105	116	117	106	226	237	238	227	0
97	106	117	118	107	227	238	239	228	0
98	107	118	119	108	228	239	240	229	0
99	108	119	120	109	229	240	241	230	0
100	109	120	121	110	230	241	242	231	0
101	122	133	134	123	243	254	255	244	0
102	123	134	135	124	244	255	256	245	0
103	124	135	136	125	245	256	257	246	0
104	125	136	137	126	246	257	258	247	0
105	126	137	138	127	247	258	259	248	0
106	127	138	139	128	248	259	260	249	0
107	128	139	140	129	249	260	261	250	0
108	129	140	141	130	250	261	262	251	0
109	130	141	142	131	251	262	263	252	0
110	131	142	143	132	252	263	264	253	0
111	133	144	145	134	254	265	266	255	0
112	134	145	146	135	255	266	267	256	0
113	135	146	147	136	256	267	268	257	0
114	136	147	148	137	257	268	269	258	0
115	137	148	149	138	258	269	270	259	0
116	138	149	150	139	259	270	271	260	0
117	139	150	151	140	260	271	272	261	0
118	140	151	152	141	261	272	273	262	0
119	141	152	153	142	262	273	274	263	0
120	142	153	154	143	263	274	275	264	0
121	144	155	156	145	265	276	277	266	0
122	145	156	157	146	266	277	278	267	0
123	146	157	158	147	267	278	279	268	0
124	147	158	159	148	268	279	280	269	0
125	148	159	160	149	269	280	281	270	0
126	149	160	161	150	270	281	282	271	0
127	150	161	162	151	271	282	283	272	0
128	151	162	163	152	272	283	284	273	0
129	152	163	164	153	273	284	285	274	0
130	153	164	165	154	274	285	286	275	0
131	155	166	167	156	276	287	288	277	0
132	156	167	168	157	277	288	289	278	0
133	157	168	169	158	278	289	290	279	0
134	158	169	170	159	279	290	291	280	0
135	159	170	171	160	280	291	292	281	0
136	160	171	172	161	281	292	293	282	0
137	161	172	173	162	282	293	294	283	0
138	162	173	174	163	283	294	295	284	0
139	163	174	175	164	284	295	296	285	0
140	164	175	176	165	285	296	297	286	0
141	166	177	178	167	287	298	299	288	0
142	167	178	179	168	288	299	300	289	0
143	168	179	180	169	289	300	301	290	0
144	169	180	181	170	290	301	302	291	0
145	170	181	182	171	291	302	303	292	0
146	171	182	183	172	292	303	304	293	0
147	172	183	184	173	293	304	305	294	0
148	173	184	185	174	294	305	306	295	0
149	174	185	186	175	295	306	307	296	0
150	175	186	187	176	296	307	308	297	0
151	177	188	189	178	298	309	310	299	0
152	178	189	190	179	299	310	311	300	0
153	179	190	191	180	300	311	312	301	0
154	180	191	192	181	301	312	313	302	0
155	181	192	193	182	302	313	314	303	0
156	182	193	194	183	303	314	315	304	0
157	183	194	195	184	304	315	316	305	0
158	184	195	196	185	305	316	317	306	0
159	185	196	197	186	306	317	318	307	0
160	186	197	198	187	307	318	319	308	0
161	188	199	200	189	309	320	321	310	0
162	189	200	201	190	310	321	322	311	0
163	190	201	202	191	311	322	323	312	0
164	191	202	203	192	312	323	324	313	0
165	192	203	204	193	313	324	325	314	0
166	193	204	205	194	314	325	326	315	0
167	194	205	206	195	315	326	327	316	0
168	195	206	207	196	316	327	328	317	0
169	196	207	208	197	317	328	329	318	0
170	197	208	209	198	318	329	330	319	0
171	199	210	211	200	320	331	332	321	0
172	200	211	212	201	321	332	333	322	0
173	201	212	213	202	322	333	334	323	0
174	202	213	214	203	323	334	335	324	0
175	203	214	215	204	324	335	336	325	0
176	204	215	216	205	325	336	337	326	0
177	205	216	217	206	326	337	338	327	0
178	206	217	218	207	327	338	339	328	0
179	207	218	219	208	328	339	340	329	0
180	208	219	220	209	329	340	341	330	0
181	210	221	222	211	331	342	343	332	0
182	211	222	223	212	332	343	344	333	0
183	212	223	224	213	333	344	345	334	0
184	213	224	225	214	334	345	346	335	0
185	214	225	226	215	335	346	347	336	0
186	215	226	227	216	336	347	348	337	0
187	216	227	228	217	337	348	349	338	0
188	217	228	229	218	338	349	350	339	0
189	218	229	230	219	339	350	351	340	0
190	219	230	231	220	340	351	352	341	0
191	221	232	233	222	342	353	354	343	0
192	222	233	234	223	343	354	355	344	0
193	223	234	235	224	344	355	356	345	0
194	224	235	236	225	345	356	357	346	0
195	225	236	237	226	346	357	358	347	0
196	226	237	238	227	347	358	359	348	0
197	227	238	239	228	348	359	360	349	0
198	228	239	240	229	349	360	361	350	0
199	229	240	241	230	350	361	362	351	0
200	230	241	242	231	351	362	363	352	0
201	243	254	255	244	364	375	376	365	0
202	244	255	256	245	365	376	377	366	0
203	245	256	257	246	366	377	378	367	0
204	246	257	258	247	367	378	379	368	0
205	247	258	259	248	368	379	380	369	0
206	248	259	260	249	369	380	381	370	0
207	249	260	261	250	370	381	382	371	0
208	250	261	262	251	371	382	383	372	0
209	251	262	263	252	372	383	384	373	0
210	252	263	264	253	373	384	385	374	0
211	254	265	266	255	375	386	387	376	0
212	255	266	267	256	376	387	388	377	0
213	256	267	268	257	377	388	389	378	0
214	257	268	269	258	378	389	390	379	0
215	258	269	270	259	379	390	391	380	0
216	259	270	271	260	380	391	392	381	0
217	260	271	272	261	381	392	393	382	0
218	261	272	273	262	382	393	394	383	0
219	262	273	274	263	383	394	395	384	0
220	263	274	275	264	384	395	396	385	0
221	265	276	277	266	386	397	398	387	0
222	266	277	278	267	387	398	399	388	0
223	267	278	279	268	388	399	400	389	0
224	268	279	280	269	389	400	401	390	0
225	269	280	281	270	390	401	402	391	0
226	270	281	282	271	391	402	403	392	0
227	271	282	283	272	392	403	404	393	0
228	272	283	284	273	393	404	405	394	0
229	273	284	285	274	394	405	406	395	0
230	274	285	286	275	395	406	407	396	0
231	276	287	288	277	397	408	409	398	0
232	277	288	289	278	398	409	410	399	0
233	278	289	290	279	399	410	411	400	0
234	279	290	291	280	400	411	412	401	0
235	280	291	292	281	401	412	413	402	0
236	281	292	293	282	402	413	414	403	0
237	282	293	294	283	403	414	415	404	0
238	283	294	295	284	404	415	416	405	0
239	284	295	296	285	405	416	417	406	0
240	285	296	297	286	406	417	418	407	0
241	287	298	299	288	408	419	420	409	0
242	288	299	300	289	409	420	421	410	0
243	289	300	301	290	410	421	422	411	0
244	290	301	302	291	411	422	423	412	0
245	291	302	303	292	412	423	424	413	0
246	292	303	304	293	413	424	425	414	0
247	293	304	305	294	414	425	426	415	0
248	294	305	306	295	415	426	427	416	0
249	295	306	307	296	416	427	428	417	0
250	296	307	308	297	417	428	429	418	0
251	298	309	310	299	419	430	431	420	0
252	299	310	311	300	420	431	432	421	0
253	300	311	312	301	421	432	433	422	0
254	301	312	313	302	422	433	434	423	0
255	302	313	314	303	423	434	435	424	0
256	303	314	315	304	424	435	436	425	0
257	304	315	316	305	425	436	437	426	0
258	305	316	317	306	426	437	438	427	0
259	306	317	318	307	427	438	439	428	0
260	307	318	319	308	428	439	440	429	0
261	309	320	321	310	430	441	442	431	0
262	310	321	322	311	431	442	443	432	0
263	311	322	323	312	432	443	444	433	0
264	312	323	324	313	433	444	445	434	0
265	313	324	325	314	434	445	446	435	0
266	314	325	326	315	435	446	447	436	0
267	315	326	327	316	436	447	448	437	0
268	316	327	328	317	437	448	449	438	0
269	317	328	329	318	438	449	450	439	0
270	318	329	330	319	439	450	451	440	0
271	320	331	332	321	441	452	453	442	0
272	321	332	333	322	442	453	454	443	0
273	322	333	334	323	443	454	455	444	0
274	323	334	335	324	444	455	456	445	0
275	324	335	336	325	445	456	457	446	0
276	325	336	337	326	446	457	458	447	0
277	326	337	338	327	447	458	459	448	0
278	327	338	339	328	448	459	460	449	0
279	328	339	340	329	449	460	461	450	0
280	329	340	341	330	450	461	462	451	0
281	331	342	343	332	452	463	464	453	0
282	332	343	344	333	453	464	465	454	0
283	333	344	345	334	454	465	466	455	0
284	334	345	346	335	455	466	467	456	0
285	335	346	347	336	456	467	468	457	0
286	336	347	348	337	457	468	469	458	0
287	337	348	349	338	458	469	470	459	0
288	338	349	350	339	459	470	471	460	0
289	339	350	351	340	460	471	472	461	0
290	340	351	352	341	461	472	473	462	0
291	342	353	354	343	463	474	475	464	0
292	343	354	355	344	464	475	476	465	0
293	344	355	356	345	465	476	477	466	0
294	345	356	357	346	466	477	478	467	0
295	346	357	358	347	467	478	479	468	0
296	347	358	359	348	468	479	480	469	0
297	348	359	360	349	469	480	481	470	0
298	349	360	361	350	470	481	482	471	0
299	350	361	362	351	471	482	483	472	0
300	351	362	363	352	472	483	484	473	0
301	364	375	376	365	485	496	497	486	0
302	365	376	377	366	486	497	498	487	0
303	366	377	378	367	487	498	499	488	0
304	367	378	379	368	488	499	500	489	0
305	368	379	380	369	489	500	501	490	0
306	369	380	381	370	490	501	502	491	0
307	370	381	382	371	491	502	503	492	0
308	371	382	383	372	492	503	504	493	0
309	372	383	384	373	493	504	505	494	0
310	373	384	385	374	494	505	506	495	0
311	375	386	387	376	496	507	508	497	0
312	376	387	388	377	497	508	509	498	0
313	377	388	389	378	498	509	510	499	0
314	378	389	390	379	499	510	511	500	0
315	379	390	391	380	500	511	512	501	0
316	380	391	392	381	501	512	513	502	0
317	381	392	393	382	502	513	514	503	0
318	382	393	394	383	503	514	515	504	0
319	383	394	395	384	504	515	516	505	0
320	384	395	396	385	505	516	517	506	0
321	386	397	398	387	507	518	519	508	0
322	387	398	399	388	508	519	520	509	0
323	388	399	400	389	509	520	521	510	0
324	389	400	401	390	510	521	522	511	0
325	390	401	402	391	511	522	523	512	0
326	391	402	403	392	512	523	524	513	0
327	392	403	404	393	513	524	525	514	0
328	393	404	405	394	514	525	526	515	0
329	394	405	406	395	515	526	527	516	0
330	395	406	407	396	516	527	528	517	0
331	397	408	409	398	518	529	530	519	0
332	398	409	410	399	519	530	531	520	0
333	399	410	411	400	520	531	532	521	0
334	400	411	412	401	521	532	533	522	0
335	401	412	413	402	522	533	534	523	0
336	402	413	414	403	523	534	535	524	0
337	403	414	415	404	524	535	536	525	0
338	404	415	416	405	525	536	537	526	0
339	405	416	417	406	526	537	538	527	0
340	406	417	418	407	527	538	539	528	0
341	408	419	420	409	529	540	541	530	0
342	409	420	421	410	530	541	542	531	0
343	410	421	422	411	531	542	543	532	0
344	411	422	423	412	532	543	544	533	0
345	412	423	424	413	533	544	545	534	0
346	413	424	425	414	534	545	546	535	0
347	414	425	426	415	535	546	547	536	0
348	415	426	427	416	536	547	548	537	0
349	416	427	428	417	537	548	549	538	0
350	417	428	429	418	538	549	550	539	0
351	419	430	431	420	540	551	552	541	0
352	420	431	432	421	541	552	553	542	0
353	421	432	433	422	542	553	554	543	0
354	422	433	434	423	543	554	555	544	0
355	423	434	435	424	544	555	556	545	0
356	424	435	436	425	545	556	557	546	0
357	425	436	437	426	546	557	558	547	0
358	426	437	438	427	547	558	559	548	0
359	427	438	439	428	548	559	560	549	0
360	428	439	440	429	549	560	561	550	0
361	430	441	442	431	551	562	563	552	0
362	431	442	443	432	552	563	564	553	0
363	432	443	444	433	553	564	565	554	0
364	433	444	445	434	554	565	566	555	0
365	434	445	446	435	555	566	567	556	0
366	435	446	447	436	556	567	568	557	0
367	436	447	448	437	557	568	569	558	0
368	437	448	449	438	558	569	570	559	0
369	438	449	450	439	559	570	571	560	0
370	439	450	451	440	560	571	572	561	0
371	441	452	453	442	562	573	574	563	0
372	442	453	454	443	563	574	575	564	0
373	443	454	455	444	564	575	576	565	0
374	444	455	456	445	565	576	577	566	0
375	445	456	457	446	566	577	578	567	0
376	446	457	458	447	567	578	579	568	0
377	447	458	459	448	568	579	580	569	0
378	448	459	460	449	569	580	581	570	0
379	449	460	461	450	570	581	582	571	0
380	450	461	462	451	571	582	583	572	0
381	452	463	464	453	573	584	585	574	0
382	453	464	465	454	574	585	586	575	0
383	454	465	466	455	575	586	587	576	0
384	455	466	467	456	576	587	588	577	0
385	456	467	468	457	577	588	589	578	0
386	457	468	469	458	578	589	590	579	0
387	458	469	470	459	579	590	591	580	0
388	459	470	471	460	580	591	592	581	0
389	460	471	472	461	581	592	593	582	0
390	461	472	473	462	582	593	594	583	0
391	463	474	475	464	584	595	596	585	0
392	464	475	476	465	585	596	597	586	0
393	465	476	477	466	586	597	598	587	0
394	466	477	478	467	587	598	599	588	0
395	467	478	479	468	588	599	600	589	0
396	468	479	480	469	589	600	601	590	0
397	469	480	481	470	590	601	602	591	0
398	470	481	482	471	591	602	603	592	0
399	471	482	483	472	592	603	604	593	0
400	472	483	484	473	593	604	605	594	0
401	485	496	497	486	606	617	618	607	0
402	486	497	498	487	607	618	619	608	0
403	487	498	499	488	608	619	620	609	0
404	488	499	500	489	609	620	621	610	0
405	489	500	501	490	610	621	622	611	0
406	490	501	502	491	611	622	623	612	0
407	491	502	503	492	612	623	624	613	0
408	492	503	504	493	613	624	625	614	0
409	493	504	505	494	614	625	626	615	0
410	494	505	506	495	615	626	627	616	0
411	496	507	508	497	617	628	629	618	0
412	497	508	509	498	618	629	630	619	0
413	498	509	510	499	619	630	631	620	0
414	499	510	511	500	620	631	632	621	0
415	500	511	512	501	621	632	633	622	0
416	501	512	513	502	622	633	634	623	0
417	502	513	514	503	623	634	635	624	0
418	503	514	515	504	624	635	636	625	0
419	504	515	516	505	625	636	637	626	0
420	505	516	517	506	626	637	638	627	0
421	507	518	519	508	628	639	640	629	0
422	508	519	520	509	629	640	641	630	0
423	509	520	521	510	630	641	642	631	0
424	510	521	522	511	631	642	643	632	0
425	511	522	523	512	632	643	644	633	0
426	512	523	524	513	633	644	645	634	0
427	513	524	525	514	634	645	646	635	0
428	514	525	526	515	635	646	647	636	0
429	515	526	527	516	636	647	648	637	0
430	516	527	528	517	637	648	649	638	0
431	518	529	530	519	639	650	651	640	0
432	519	530	531	520	640	651	652	641	0
433	520	531	532	521	641	652	653	642	0
434	521	532	533	522	642	653	654	643	0
435	522	533	534	523	643	654	655	644	0
436	523	534	535	524	644	655	656	645	0
437	524	535	536	525	645	656	657	646	0
438	525	536	537	526	646	657	658	647	0
439	526	537	538	527	647	658	659	648	0
440	527	538	539	528	648	659	660	649	0
441	529	540	541	530	650	661	662	651	0
442	530	541	542	531	651	662	663	652	0
443	531	542	543	532	652	663	664	653	0
444	532	543	544	533	653	664	665	654	0
445	533	544	545	534	654	665	666	655	0
446	534	545	546	535	655	666	667	656	0
447	535	546	547	536	656	667	668	657	0
448	536	547	548	537	657	668	669	658	0
449	537	548	549	538	658	669	670	659	0
450	538	549	550	539	659	670	671	660	0
451	540	551	552	541	661	672	673	662	0
452	541	552	553	542	662	673	674	663	0
453	542	553	554	543	663	674	675	664	0
454	543	554	555	544	664	675	676	665	0
455	544	555	556	545	665	676	677	666	0
456	545	556	557	546	666	677	678	667	0
457	546	557	558	547	667	678	679	668	0
458	547	558	559	548	668	679	680	669	0
459	548	559	560	549	669	680	681	670	0
460	549	560	561	550	670	681	682	671	0
461	551	562	563	552	672	683	684	673	0
462	552	563	564	553	673	684	685	674	0
463	553	564	565	554	674	685	686	675	0
464	554	565	566	555	675	686	687	676	0
465	555	566	567	556	676	687	688	677	0
466	556	567	568	557	677	688	689	678	0
467	557	568	569	558	678	689	690	679	0
468	558	569	570	559	679	690	691	680	0
469	559	570	571	560	680	691	692	681	0
470	560	571	572	561	681	692	693	682	0
471	562	573	574	563	683	694	695	684	0
472	563	574	575	564	684	695	696	685	0
473	564	575	576	565	685	696	697	686	0
474	565	576	577	566	686	697	698	687	0
475	566	577	578	567	687	698	699	688	0
476	567	578	579	568	688	699	700	689	0
477	568	579	580	569	689	700	701	690	0
478	569	580	581	570	690	701	702	691	0
479	570	581	582	571	691	702	703	692	0
480	571	582	583	572	692	703	704	693	0
481	573	584	585	574	694	705	706	695	0
482	574	585	586	575	695	706	707	696	0
483	575	586	587	576	696	707	708	697	0
484	576	587	588	577	697	708	709	698	0
485	577	588	589	578	698	709	710	699	0
486	578	589	590	579	699	710	711	700	0
487	579	590	591	580	700	711	712	701	0
488	580	591	592	581	701	712	713	702	0
489	581	592	593	582	702	713	714	703	0
490	582	593	594	583	703	714	715	704	0
491	584	595	596	585	705	716	717	706	0
492	585	596	597	586	706	717	718	707	0
493	586	597	598	587	707	718	719	708	0
494	587	598	599	588	708	719	720	709	0
495	588	599	600	589	709	720	721	710	0
496	589	600	601	590	710	721	722	711	0
497	590	601	602	591	711	722	723	712	0
498	591	602	603	592	712	723	724	713	0
499	592	603	604	593	713	724	725	714	0
500	593	604	605	594	714	725	726	715	0
501	606	617	618	607	727	738	739	728	0
502	607	618	619	608	728	739	740	729	0
503	608	619	620	609	729	740	741	730	0
504	609	620	621	610	730	741	742	731	0
505	610	621	622	611	731	742	743	732	0
506	611	622	623	612	732	743	744	733	0
507	612	623	624	613	733	744	745	734	0
508	613	624	625	614	734	745	746	735	0
509	614	625	626	615	735	746	747	736	0
510	615	626	627	616	736	747	748	737	0
511	617	628	629	618	738	749	750	739	0
512	618	629	630	619	739	750	751	740	0
513	619	630	631	620	740	751	752	741	0
514	620	631	632	621	741	752	753	742	0
515	621	632	633	622	742	753	754	743	0
516	622	633	634	623	743	754	755	744	0
517	623	634	635	624	744	755	756	745	0
518	624	635	636	625	745	756	757	746	0
519	625	636	637	626	746	757	758	747	0
520	626	637	638	627	747	758	759	748	0
521	628	639	640	629	749	760	761	750	0
522	629	640	641	630	750	761	762	751	0
523	630	641	642	631	751	762	763	752	0
524	631	642	643	632	752	763	764	753	0
525	632	643	644	633	753	764	765	754	0
526	633	644	645	634	754	765	766	755	0
527	634	645	646	635	755	766	767	756	0
528	635	646	647	636	756	767	768	757	0
529	636	647	648	637	757	768	769	758	0
530	637	648	649	638	758	769	770	759	0
531	639	650	651	640	760	771	772	761	0
532	640	651	652	641	761	772	773	762	0
533	641	652	653	642	762	773	774	763	0
534	642	653	654	643	763	774	775	764	0
535	643	654	655	644	764	775	776	765	0
536	644	655	656	645	765	776	777	766	0
537	645	656	657	646	766	777	778	767	0
538	646	657	658	647	767	778	779	768	0
539	647	658	659	648	768	779	780	769	0
540	648	659	660	649	769	780	781	770	0
541	650	661	662	651	771	782	783	772	0
542	651	662	663	652	772	783	784	773	0
543	652	663	664	653	773	784	785	774	0
544	653	664	665	654	774	785	786	775	0
545	654	665	666	655	775	786	787	776	0
546	655	666	667	656	776	787	788	777	0
547	656	667	668	657	777	788	789	778	0
548	657	668	669	658	778	789	790	779	0
549	658	669	670	659	779	790	791	780	0
550	659	670	671	660	780	791	792	781	0
551	661	672	673	662	782	793	794	783	0
552	662	673	674	663	783	794	795	784	0
553	663	674	675	664	784	795	796	785	0
554	664	675	676	665	785	796	797	786	0
555	665	676	677	666	786	797	798	787	0
556	666	677	678	667	787	798	799	788	0
557	667	678	679	668	788	799	800	789	0
558	668	679	680	669	789	800	801	790	0
559	669	680	681	670	790	801	802	791	0
560	670	681	682	671	791	802	803	792	0
561	672	683	684	673	793	804	805	794	0
562	673	684	685	674	794	805	806	795	0
563	674	685	686	675	795	806	807	796	0
564	675	686	687	676	796	807	808	797	0
565	676	687	688	677	797	808	809	798	0
566	677	688	689	678	798	809	810	799	0
567	678	689	690	679	799	810	811	800	0
568	679	690	691	680	800	811	812	801	0
569	680	691	692	681	801	812	813	802	0
570	681	692	693	682	802	813	814	803	0
571	683	694	695	684	804	815	816	805	0
572	684	695	696	685	805	816	817	806	0
573	685	696	697	686	806	817	818	807	0
574	686	697	698	687	807	818	819	808	0
575	687	698	699	688	808	819	820	809	0
576	688	699	700	689	809	820	821	810	0
577	689	700	701	690	810	821	822	811	0
578	690	701	702	691	811	822	823	812	0
579	691	702	703	692	812	823	824	813	0
580	692	703	704	693	813	824	825	814	0
581	694	705	706	695	815	826	827	816	0
582	695	706	707	696	816	827	828	817	0
583	696	707	708	697	817	828	829	818	0
584	697	708	709	698	818	829	830	819	0
585	698	709	710	699	819	830	831	820	0
586	699	710	711	700	820	831	832	821	0
587	700	711	712	701	821	832	833	822	0
588	701	712	713	702	822	833	834	823	0
589	702	713	714	703	823	834	835	824	0
590	703	714	715	704	824	835	836	825	0
591	705	716	717	706	826	837	838	827	0
592	706	717	718	707	827	838	839	828	0
593	707	718	719	708	828	839	840	829	0
594	708	719	720	709	829	840	841	830	0
595	709	720	721	710	830	841	842	831	0
596	710	721	722	711	831	842	843	832	0
597	711	722	723	712	832	843	844	833	0
598	712	723	724	713	833	844	845	834	0
599	713	724	725	714	834	845	846	835	0
600	714	725	726	715	835	846	847	836	0
601	727	738	739	728	848	859	860	849	0
602	728	739	740	729	849	860	861	850	0
603	729	740	741	730	850	861	862	851	0
604	730	741	742	731	851	862	863	852	0
605	731	742	743	732	852	863	864	853	0
606	732	743	744	733	853	864	865	854	0
607	733	744	745	734	854	865	866	855	0
608	734	745	746	735	855	866	867	856	0
609	735	746	747	736	856	867	868	857	0
610	736	747	748	737	857	868	869	858	0
611	738	749	750	739	859	870	871	860	0
612	739	750	751	740	860	871	872	861	0
613	740	751	752	741	861	872	873	862	0
614	741	752	753	742	862	873	874	863	0
615	742	753	754	743	863	874	875	864	0
616	743	754	755	744	864	875	876	865	0
617	744	755	756	745	865	876	877	866	0
618	745	756	757	746	866	877	878	867	0
619	746	757	758	747	867	878	879	868	0
620	747	758	759	748	868	879	880	869	0
621	749	760	761	750	870	881	882	871	0
622	750	761	762	751	871	882	883	872	0
623	751	762	763	752	872	883	884	873	0
624	752	763	764	753	873	884	885	874	0
625	753	764	765	754	874	885	886	875	0
626	754	765	766	755	875	886	887	876	0
627	755	766	767	756	876	887	888	877	0
628	756	767	768	757	877	888	889	878	0
629	757	768	769	758	878	889	890	879	0
630	758	769	770	759	879	890	891	880	0
631	760	771	772	761	881	892	893	882	0
632	761	772	773	762	882	893	894	883	0
633	762	773	774	763	883	894	895	884	0
634	763	774	775	764	884	895	896	885	0
635	764	775	776	765	885	896	897	886	0
636	765	776	777	766	886	897	898	887	0
637	766	777	778	767	887	898	899	888	0
638	767	778	779	768	888	899	900	889	0
639	768	779	780	769	889	900	901	890	0
640	769	780	781	770	890	901	902	891	0
641	771	782	783	772	892	903	904	893	0
642	772	783	784	773	893	904	905	894	0
643	773	784	785	774	894	905	906	895	0
644	774	785	786	775	895	906	907	896	0
645	775	786	787	776	896	907	908	897	0
646	776	787	788	777	897	908	909	898	0
647	777	788	789	778	898	909	910	899	0
648	778	789	790	779	899	910	911	900	0
649	779	790	791	780	900	911	912	901	0
650	780	791	792	781	901	912	913	902	0
651	782	793	794	783	903	914	915	904	0
652	783	794	795	784	904	915	916	905	0
653	784	795	796	785	905	916	917	906	0
654	785	796	797	786	906	917	918	907	0
655	786	797	798	787	907	918	919	908	0
656	787	798	799	788	908	919	920	909	0
657	788	799	800	789	909	920	921	910	0
658	789	800	801	790	910	921	922	911	0
659	790	801	802	791	911	922	923	912	0
660	791	802	803	792	912	923	924	913	0
661	793	804	805	794	914	925	926	915	0
662	794	805	806	795	915	926	927	916	0
663	795	806	807	796	916	927	928	917	0
664	796	807	808	797	917	928	929	918	0
665	797	808	809	798	918	929	930	919	0
666	798	809	810	799	919	930	931	920	0
667	799	810	811	800	920	931	932	921	0
668	800	811	812	801	921	932	933	922	0
669	801	812	813	802	922	933	934	923	0
670	802	813	814	803	923	934	935	924	0
671	804	815	816	805	925	936	937	926	0
672	805	816	817	806	926	937	938	927	0
673	806	817	818	807	927	938	939	928	0
674	807	818	819	808	928	939	940	929	0
675	808	819	820	809	929	940	941	930	0
676	809	820	821	810	930	941	942	931	0
677	810	821	822	811	931	942	943	932	0
678	811	822	823	812	932	943	944	933	0
679	812	823	824	813	933	944	945	934	0
680	813	824	825	814	934	945	946	935	0
681	815	826	827	816	936	947	948	937	0
682	816	827	828	817	937	948	949	938	0
683	817	828	829	818	938	949	950	939	0
684	818	829	830	819	939	950	951	940	0
685	819	830	831	820	940	951	952	941	0
686	820	831	832	821	941	952	953	942	0
687	821	832	833	822	942	953	954	943	0
688	822	833	834	823	943	954	955	944	0
689	823	834	835	824	944	955	956	945	0
690	824	835	836	825	945	956	957	946	0
691	826	837	838	827	947	958	959	948	0
692	827	838	839	828	948	959	960	949	0
693	828	839	840	829	949	960	961	950	0
694	829	840	841	830	950	961	962	951	0
695	830	841	842	831	951	962	963	952	0
696	831	842	843	832	952	963	964	953	0
697	832	843	844	833	953	964	965	954	0
698	833	844	845	834	954	965	966	955	0
699	834	845	846	835	955	966	967	956	0
700	835	846	847	836	956	967	968	957	0
701	848	859	860	849	969	980	981	970	0
702	849	860	861	850	970	981	982	971	0
703	850	861	862	851	971	982	983	972	0
704	851	862	863	852	972	983	984	973	0
705	852	863	864	853	973	984	985	974	0
706	853	864	865	854	974	985	986	975	0
707	854	865	866	855	975	986	987	976	0
708	855	866	867	856	976	987	988	977	0
709	856	867	868	857	977	988	989	978	0
710	857	868	869	858	978	989	990	979	0
711	859	870	871	860	980	991	992	981	0
712	860	871	872	861	981	992	993	982	0
713	861	872	873	862	982	993	994	983	0
714	862	873	874	863	983	994	995	984	0
715	863	874	875	864	984	995	996	985	0
716	864	875	876	865	985	996	997	986	0
717	865	876	877	866	986	997	998	987	0
718	866	877	878	867	987	998	999	988	0
719	867	878	879	868	988	999	1000	989	0
720	868	879	880	869	989	1000	1001	990	0
721	870	881	882	871	991	1002	1003	992	0
722	871	882	883	872	992	1003	1004	993	0
723	872	883	884	873	993	1004	1005	994	0
724	873	884	885	874	994	1005	1006	995	0
725	874	885	886	875	995	1006	1007	996	0
726	875	886	887	876	996	1007	1008	997	0
727	876	887	888	877	997	1008	1009	998	0
728	877	888	889	878	998	1009	1010	999	0
729	878	889	890	879	999	1010	1011	1000	0
730	879	890	891	880	1000	1011	1012	1001	0
731	881	892	893	882	1002	1013	1014	1003	0
732	882	893	894	883	1003	1014	1015	1004	0
733	883	894	895	884	1004	1015	1016	1005	0
734	884	895	896	885	1005	1016	1017	1006	0
735	885	896	897	886	1006	1017	1018	1007	0
736	886	897	898	887	1007	1018	1019	1008	0
737	887	898	899	888	1008	1019	1020	1009	0
738	888	899	900	889	1009	1020	1021	1010	0
739	889	900	901	890	1010	1021	1022	1011	0
740	890	901	902	891	1011	1022	1023	1012	0
741	892	903	904	893	1013	1024	1025	1014	0
742	893	904	905	894	1014	1025	1026	1015	0
743	894	905	906	895	1015	1026	1027	1016	0
744	895	906	907	896	1016	1027	1028	1017	0
745	896	907	908	897	1017	1028	1029	1018	0
746	897	908	909	898	1018	1029	1030	1019	0
747	898	909	910	899	1019	1030	1031	1020	0
748	899	910	911	900	1020	1031	1032	1021	0
749	900	911	912	901	1021	1032	1033	1022	0
750	901	912	913	902	1022	1033	1034	1023	0
751	903	914	915	904	1024	1035	1036	1025	0
752	904	915	916	905	1025	1036	1037	1026	0
753	905	916	917	906	1026	1037	1038	1027	0
754	906	917	918	907	1027	1038	1039	1028	0
755	907	918	919	908	1028	1039	1040	1029	0
756	908	919	920	909	1029	1040	1041	1030	0
757	909	920	921	910	1030	1041	1042	1031	0
758	910	921	922	911	1031	1042	1043	1032	0
759	911	922	923	912	1032	1043	1044	1033	0
760	912	923	924	913	1033	1044	1045	1034	0
761	914	925	926	915	1035	1046	1047	1036	0
762	915	926	927	916	1036	1047	1048	1037	0
763	916	927	928	917	1037	1048	1049	1038	0
764	917	928	929	918	1038	1049	1050	1039	0
765	918	929	930	919	1039	1050	1051	1040	0
766	919	930	931	920	1040	1051	1052	1041	0
767	920	931	932	921	1041	1052	1053	1042	0
768	921	932	933	922	1042	1053	1054	1043	0
769	922	933	934	923	1043	1054	1055	1044	0
770	923	934	935	924	1044	1055	1056	1045	0
771	925	936	937	926	1046	1057	1058	1047	0
772	926	937	938	927	1047	1058	1059	1048	0
773	927	938	939	928	1048	1059	1060	1049	0
774	928	939	940	929	1049	1060	1061	1050	0
775	929	940	941	930	1050	1061	1062	1051	0
776	930	941	942	931	1051	1062	1063	1052	0
777	931	942	943	932	1052	1063	1064	1053	0
778	932	943	944	933	1053	1064	1065	1054	0
779	933	944	945	934	1054	1065	1066	1055	0
780	934	945	946	935	1055	1066	1067	1056	0
781	936	947	948	937	1057	1068	1069	1058	0
782	937	948	949	938	1058	1069	1070	1059	0
783	938	949	950	939	1059	1070	1071	1060	0
784	939	950	951	940	1060	1071	1072	1061	0
785	940	951	952	941	1061	1072	1073	1062	0
786	941	952	953	942	1062	1073	1074	1063	0
787	942	953	954	943	1063	1074	1075	1064	0
788	943	954	955	944	1064	1075	1076	1065	0
789	944	955	956	945	1065	1076	1077	1066	0
790	945	956	957	946	1066	1077	1078	1067	0
791	947	958	959	948	1068	1079	1080	1069	0
792	948	959	960	949	1069	1080	1081	1070	0
793	949	960	961	950	1070	1081	1082	1071	0
794	950	961	962	951	1071	1082	1083	1072	0
795	951	962	963	952	1072	1083	1084	1073	0
796	952	963	964	953	1073	1084	1085	1074	0
797	953	964	965	954	1074	1085	1086	1075	0
798	954	965	966	955	1075	1086	1087	1076	0
799	955	966	967	956	1076	1087	1088	1077	0
800	956	967	968	957	1077	1088	1089	1078	0
801	969	980	981	970	1090	1101	1102	1091	0
802	970	981	982	971	1091	1102	1103	1092	0
803	971	982	983	972	1092	1103	1104	1093	0
804	972	983	984	973	1093	1104	1105	1094	0
805	973	984	985	974	1094	1105	1106	1095	0
806	974	985	986	975	1095	1106	1107	1096	0
807	975	986	987	976	1096	1107	1108	1097	0
808	976	987	988	977	1097	1108	1109	1098	0
809	977	988	989	978	1098	1109	1110	1099	0
810	978	989	990	979	1099	1110	1111	1100	0
811	980	991	992	981	1101	1112	1113	1102	0
812	981	992	993	982	1102	1113	1114	1103	0
813	982	993	994	983	1103	1114	1115	1104	0
814	983	994	995	984	1104	1115	1116	1105	0
815	984	995	996	985	1105	1116	1117	1106	0
816	985	996	997	986	1106	1117	1118	1107	0
817	986	997	998	987	1107	1118	1119	1108	0
818	987	998	999	988	1108	1119	1120	1109	0
819	988	999	1000	989	1109	1120	1121	1110	0
820	989	1000	1001	990	1110	1121	1122	1111	0
821	991	1002	1003	992	1112	1123	1124	1113	0
822	992	1003	1004	993	1113	1124	1125	1114	0
823	993	1004	1005	994	1114	1125	1126	1115	0
824	994	1005	1006	995	1115	1126	1127	1116	0
825	995	1006	1007	996	1116	1127	1128	1117	0
826	996	1007	1008	997	1117	1128	1129	1118	0
827	997	1008	1009	998	1118	1129	1130	1119	0
828	998	1009	1010	999	1119	1130	1131	1120	0
829	999	1010	1011	1000	1120	1131	1132	1121	0
830	1000	1011	1012	1001	1121	1132	1133	1122	0
831	1002	1013	1014	1003	1123	1134	1135	1124	0
832	1003	1014	1015	1004	1124	1135	1136	1125	0
833	1004	1015	1016	1005	1125	1136	1137	1126	0
834	1005	1016	1017	1006	1126	1137	1138	1127	0
835	1006	1017	1018	1007	1127	1138	1139	1128	0
836	1007	1018	1019	1008	1128	1139	1140	1129	0
837	1008	1019	1020	1009	1129	1140	1141	1130	0
838	1009	1020	1021	1010	1130	1141	1142	1131	0
839	1010	1021	1022	1011	1131	1142	1143	1132	0
840	1011	1022	1023	1012	1132	1143	1144	1133	0
841	1013	1024	1025	1014	1134	1145	1146	1135	0
842	1014	1025	1026	1015	1135	1146	1147	1136	0
843	1015	1026	1027	1016	1136	1147	1148	1137	0
844	1016	1027	1028	1017	1137	1148	1149	1138	0
845	1017	1028	1029	1018	1138	1149	1150	1139	0
846	1018	1029	1030	1019	1139	1150	1151	1140	0
847	1019	1030	1031	1020	1140	1151	1152	1141	0
848	1020	1031	1032	1021	1141	1152	1153	1142	0
849	1021	1032	1033	1022	1142	1153	1154	1143	0
850	1022	1033	1034	1023	1143	1154	1155	1144	0
851	1024	1035	1036	1025	1145	1156	1157	1146	0
852	1025	1036	1037	1026	1146	1157	1158	1147	0
853	1026	1037	1038	1027	1147	1158	1159	1148	0
854	1027	1038	1039	1028	1148	1159	1160	1149	0
855	1028	1039	1040	1029	1149	1160	1161	1150	0
856	1029	1040	1041	1030	1150	1161	1162	1151	0
857	1030	1041	1042	1031	1151	1162	1163	1152	0
858	1031	1042	1043	1032	1152	1163	1164	1153	0
859	1032	1043	1044	1033	1153	1164	1165	1154	0
860	1033	1044	1045	1034	1154	1165	1166	1155	0
861	1035	1046	1047	1036	1156	1167	1168	1157	0
862	1036	1047	1048	1037	1157	1168	1169	1158	0
863	1037	1048	1049	1038	1158	1169	1170	1159	0
864	1038	1049	1050	1039	1159	1170	1171	1160	0
865	1039	1050	1051	1040	1160	1171	1172	1161	0
866	1040	1051	1052	1041	1161	1172	1173	1162	0
867	1041	1052	1053	1042	1162	1173	1174	1163	0
868	1042	1053	1054	1043	1163	1174	1175	1164	0
869	1043	1054	1055	1044	1164	1175	1176	1165	0
870	1044	1055	1056	1045	1165	1176	1177	1166	0
871	1046	1057	1058	1047	1167	1178	1179	1168	0
872	1047	1058	1059	1048	1168	1179	1180	1169	0
873	1048	1059	1060	1049	1169	1180	1181	1170	0
874	1049	1060	1061	1050	1170	1181	1182	1171	0
875	1050	1061	1062	1051	1171	1182	1183	1172	0
876	1051	1062	1063	1052	1172	1183	1184	1173	0
877	1052	1063	1064	1053	1173	1184	1185	1174	0
878	1053	1064	1065	1054	1174	1185	1186	1175	0
879	1054	1065	1066	1055	1175	1186	1187	1176	0
880	1055	1066	1067	1056	1176	1187	1188	1177	0
881	1057	1068	1069	1058	1178	1189	1190	1179	0
882	1058	1069	1070	1059	1179	1190	1191	1180	0
883	1059	1070	1071	1060	1180	1191	1192	1181	0
884	1060	1071	1072	1061	1181	1192	1193	1182	0
885	1061	1072	1073	1062	1182	1193	1194	1183	0
886	1062	1073	1074	1063	1183	1194	1195	1184	0
887	1063	1074	1075	1064	1184	1195	1196	1185	0
888	1064	1075	1076	1065	1185	1196	1197	1186	0
889	1065	1076	1077	1066	1186	1197	1198	1187	0
890	1066	1077	1078	1067	1187	1198	1199	1188	0
891	1068	1079	1080	1069	1189	1200	1201	1190	0
892	1069	1080	1081	1070	1190	1201	1202	1191	0
893	1070	1081	1082	1071	1191	1202	1203	1192	0
894	1071	1082	1083	1072	1192	1203	1204	1193	0
895	1072	1083	1084	1073	1193	1204	1205	1194	0
896	1073	1084	1085	1074	1194	1205	1206	1195	0
897	1074	1085	1086	1075	1195	1206	1207	1196	0
898	1075	1086	1087	1076	1196	1207	1208	1197	0
899	1076	1087	1088	1077	1197	1208	1209	1198	0
900	1077	1088	1089	1078	1198	1209	1210	1199	0
901	1090	1101	1102	1091	1211	1222	1223	1212	0
902	1091	1102	1103	1092	1212	1223	1224	1213	0
903	1092	1103	1104	1093	1213	1224	1225	1214	0
904	1093	1104	1105	1094	1214	1225	1226	1215	0
905	1094	1105	1106	1095	1215	1226	1227	1216	0
906	1095	1106	1107	1096	1216	1227	1228	1217	0
907	1096	1107	1108	1097	1217	1228	1229	1218	0
908	1097	1108	1109	1098	1218	1229	1230	1219	0
909	1098	1109	1110	1099	1219	1230	1231	1220	0
910	1099	1110	1111	1100	1220	1231	1232	1221	0
911	1101	1112	1113	1102	1222	1233	1234	1223	0
912	1102	1113	1114	1103	1223	1234	1235	1224	0
913	1103	1114	1115	1104	1224	1235	1236	1225	0
914	1104	1115	1116	1105	1225	1236	1237	1226	0
915	1105	1116	1117	1106	1226	1237	1238	1227	0
916	1106	1117	1118	1107	1227	1238	1239	1228	0
917	1107	1118	1119	1108	1228	1239	1240	1229	0
918	1108	1119	1120	1109	1229	1240	1241	1230	0
919	1109	1120	1121	1110	1230	1241	1242	1231	0
920	1110	1121	1122	1111	1231	1242	1243	1232	0
921	1112	1123	1124	1113	1233	1244	1245	1234	0
922	1113	1124	1125	1114	1234	1245	1246	1235	0
923	1114	1125	1126	1115	1235	1246	1247	1236	0
924	1115	1126	1127	1116	1236	1247	1248	1237	0
925	1116	1127	1128	1117	1237	1248	1249	1238	0
926	1117	1128	1129	1118	1238	1249	1250	1239	0
927	1118	1129	1130	1119	1239	1250	1251	1240	0
928	1119	1130	1131	1120	1240	1251	1252	1241	0
929	1120	1131	1132	1121	1241	1252	1253	1242	0
930	1121	1132	1133	1122	1242	1253	1254	1243	0
931	1123	1134	1135	1124	1244	1255	1256	1245	0
932	1124	1135	1136	1125	1245	1256	1257	1246	0
933	1125	1136	1137	1126	1246	1257	1258	1247	0
934	1126	1137	1138	1127	1247	1258	1259	1248	0
935	1127	1138	1139	1128	1248	1259	1260	1249	0
936	1128	1139	1140	1129	1249	1260	1261	1250	0
937	1129	1140	1141	1130	1250	1261	1262	1251	0
938	1130	1141	1142	1131	1251	1262	1263	1252	0
939	1131	1142	1143	1132	1252	1263	1264	1253	0
940	1132	1143	1144	1133	1253	1264	1265	1254	0
941	1134	1145	1146	1135	1255	1266	1267	1256	0
942	1135	1146	1147	1136	1256	1267	1268	1257	0
943	1136	1147	1148	1137	1257	1268	1269	1258	0
944	1137	1148	1149	1138	1258	1269	1270	1259	0
945	1138	1149	1150	1139	1259	1270	1271	1260	0
946	1139	1150	1151	1140	1260	1271	1272	1261	0
947	1140	1151	1152	1141	1261	1272	1273	1262	0
948	1141	1152	1153	1142	1262	1273	1274	1263	0
949	1142	1153	1154	1143	1263	1274	1275	1264	0
950	1143	1154	1155	1144	1264	1275	1276	1265	0
951	1145	1156	1157	1146	1266	1277	1278	1267	0
952	1146	1157	1158	1147	1267	1278	1279	1268	0
953	1147	1158	1159	1148	1268	1279	1280	1269	0
954	1148	1159	1160	1149	1269	1280	1281	1270	0
955	1149	1160	1161	1150	1270	1281	1282	1271	0
956	1150	1161	1162	1151	1271	1282	1283	1272	0
957	1151	1162	1163	1152	1272	1283	1284	1273	0
958	1152	1163	1164	1153	1273	1284	1285	1274	0
959	1153	1164	1165	1154	1274	1285	1286	1275	0
960	1154	1165	1166	1155	1275	1286	1287	1276	0
961	1156	1167	1168	1157	1277	1288	1289	1278	0
962	1157	1168	1169	1158	1278	1289	1290	1279	0
963	1158	1169	1170	1159	1279	1290	1291	1280	0
964	1159	1170	1171	1160	1280	1291	1292	1281	0
965	1160	1171	1172	1161	1281	1292	1293	1282	0
966	1161	1172	1173	1162	1282	1293	1294	1283	0
967	1162	1173	1174	1163	1283	1294	1295	1284	0
968	1163	1174	1175	1164	1284	1295	1296	1285	0
969	1164	1175	1176	1165	1285	1296	1297	1286	0
970	1165	1176	1177	1166	1286	1297	1298	1287	0
971	1167	1178	1179	1168	1288	1299	1300	1289	0
972	1168	1179	1180	1169	1289	1300	1301	1290	0
973	1169	1180	1181	1170	1290	1301	1302	1291	0
974	1170	1181	1182	1171	1291	1302	1303	1292	0
975	1171	1182	1183	1172	1292	1303	1304	1293	0
976	1172	1183	1184	1173	1293	1304	1305	1294	0
977	1173	1184	1185	1174	1294	1305	1306	1295	0
978	1174	1185	1186	1175	1295	1306	1307	1296	0
979	1175	1186	1187	1176	1296	1307	1308	1297	0
980	1176	1187	1188	1177	1297	1308	1309	1298	0
981	1178	1189	1190	1179	1299	1310	1311	1300	0
982	1179	1190	1191	1180	1300	1311	1312	1301	0
983	1180	1191	1192	1181	1301	1312	1313	1302	0
984	1181	1192	1193	1182	1302	1313	1314	1303	0
985	1182	1193	1194	1183	1303	1314	1315	1304	0
986	1183	1194	1195	1184	1304	1315	1316	1305	0
987	1184	1195	1196	1185	1305	1316	1317	1306	0
988	1185	1196	1197	1186	1306	1317	1318	1307	0
989	1186	1197	1198	1187	1307	1318	1319	1308	0
990	1187	1198	1199	1188	1308	1319	1320	1309	0
991	1189	1200	1201	1190	1310	1321	1322	1311	0
992	1190	1201	1202	1191	1311	1322	1323	1312	0
993	1191	1202	1203	1192	1312	1323	1324	1313	0
994	1192	1203	1204	1193	1313	1324	1325	1314	0
995	1193	1204	1205	1194	1314	1325	1326	1315	0
996	1194	1205	1206	1195	1315	1326	1327	1316	0
997	1195	1206	1207	1196	1316	1327	1328	1317	0
998	1196	1207	1208	1197	1317	1328	1329	1318	0
999	1197	1208	1209	1198	1318	1329	1330	1319	0
1000	1198	1209	1210	1199	1319	1330	1331	1320	0
0	0	0	0	0	0	0	0	0	0
	\END{INPUT}
!-----------------
   \GENERATE
!-----------------
   \STATIC_SOLVER
!-----------------
!  \DYNAMIC_SOLVER
!-----------------
!   \NEWMARK
!   \TSTART: 0 
!   \TEND:   0.01
!   \DTIME:  2E-3
!-----------------
  \END 
!-----------------
 

