!-----------------
  \START
!-----------------
  \INPUT
!-----------------      
        \GLOBAL
   	  PROJECT:  PATCH_TEST_PS_MFS
	  NUMNP:         327
	  NMAT:            1
	  NBGROUP:         1
	  NEGROUP:         2
	  NITP_IN:         15
	  NIDIV_IN:        50
	  PENALTY:         0
	  DYNAMIC:         0
!
          CONTACT:         0 
          NSPAIR:          0
	\END
	\NODE  !N  ID(3,N)   X    Y    Z   NDOF(3,N)  KN
1	1	1	1	0	-24	0	0	0	0	0
2	1	1	1	0	-22	0	0	0	0	0
3	1	1	1	0	-20	0	0	0	0	0
4	1	1	1	0	-18	0	0	0	0	0
5	1	1	1	0	-16	0	0	0	0	0
6	1	1	1	0	-14	0	0	0	0	0
7	1	1	1	0	-12	0	0	0	0	0
8	1	1	1	0	-10	0	0	0	0	0
9	1	1	1	0	-8	0	0	0	0	0
10	1	1	1	0	-6	0	0	0	0	0
11	1	1	1	0	-4	0	0	0	0	0
12	1	1	1	0	-2	0	0	0	0	0
13	1	1	1	0	0	0	0	0	0	0
14	1	1	1	0	2	0	0	0	0	0
15	1	1	1	0	4	0	0	0	0	0
16	1	1	1	0	6	0	0	0	0	0
17	1	1	1	0	8	0	0	0	0	0
18	1	1	1	0	10	0	0	0	0	0
19	1	1	1	0	12	0	0	0	0	0
20	1	1	1	0	14	0	0	0	0	0
21	1	1	1	0	16	0	0	0	0	0
22	1	1	1	0	18	0	0	0	0	0
23	1	1	1	0	20	0	0	0	0	0
24	1	1	1	0	22	0	0	0	0	0
25	1	1	1	0	24	0	0	0	0	0
26	0	0	1	2	-24	0	1	1	0	0
27	0	0	1	2	-22	0	1	1	0	0
28	0	0	1	2	-20	0	1	1	0	0
29	0	0	1	2	-18	0	1	1	0	0
30	0	0	1	2	-16	0	1	1	0	0
31	0	0	1	2	-14	0	1	1	0	0
32	0	0	1	2	-12	0	1	1	0	0
33	0	0	1	2	-10	0	1	1	0	0
34	0	0	1	2	-8	0	1	1	0	0
35	0	0	1	2	-6	0	1	1	0	0
36	0	0	1	2	-4	0	1	1	0	0
37	0	0	1	2	-2	0	1	1	0	0
38	0	0	1	2	0	0	1	1	0	0
39	0	0	1	2	2	0	1	1	0	0
40	0	0	1	2	4	0	1	1	0	0
41	0	0	1	2	6	0	1	1	0	0
42	0	0	1	2	8	0	1	1	0	0
43	0	0	1	2	10	0	1	1	0	0
44	0	0	1	2	12	0	1	1	0	0
45	0	0	1	2	14	0	1	1	0	0
46	0	0	1	2	16	0	1	1	0	0
47	0	0	1	2	18	0	1	1	0	0
48	0	0	1	2	20	0	1	1	0	0
49	0	0	1	2	22	0	1	1	0	0
50	0	0	1	2	24	0	1	1	0	0
51	0	0	1	4	-24	0	1	1	0	0
52	0	0	1	4	-22	0	1	1	0	0
53	0	0	1	4	-20	0	1	1	0	0
54	0	0	1	4	-18	0	1	1	0	0
55	0	0	1	4	-16	0	1	1	0	0
56	0	0	1	4	-14	0	1	1	0	0
57	0	0	1	4	-12	0	1	1	0	0
58	0	0	1	4	-10	0	1	1	0	0
59	0	0	1	4	-8	0	1	1	0	0
60	0	0	1	4	-6	0	1	1	0	0
61	0	0	1	4	-4	0	1	1	0	0
62	0	0	1	4	-2	0	1	1	0	0
63	0	0	1	4	0	0	1	1	0	0
64	0	0	1	4	2	0	1	1	0	0
65	0	0	1	4	4	0	1	1	0	0
66	0	0	1	4	6	0	1	1	0	0
67	0	0	1	4	8	0	1	1	0	0
68	0	0	1	4	10	0	1	1	0	0
69	0	0	1	4	12	0	1	1	0	0
70	0	0	1	4	14	0	1	1	0	0
71	0	0	1	4	16	0	1	1	0	0
72	0	0	1	4	18	0	1	1	0	0
73	0	0	1	4	20	0	1	1	0	0
74	0	0	1	4	22	0	1	1	0	0
75	0	0	1	4	24	0	1	1	0	0
76	0	0	1	6	-24	0	1	1	0	0
77	0	0	1	6	-22	0	1	1	0	0
78	0	0	1	6	-20	0	1	1	0	0
79	0	0	1	6	-18	0	1	1	0	0
80	0	0	1	6	-16	0	1	1	0	0
81	0	0	1	6	-14	0	1	1	0	0
82	0	0	1	6	-12	0	1	1	0	0
83	0	0	1	6	-10	0	1	1	0	0
84	0	0	1	6	-8	0	1	1	0	0
85	0	0	1	6	-6	0	1	1	0	0
86	0	0	1	6	-4	0	1	1	0	0
87	0	0	1	6	-2	0	1	1	0	0
88	0	0	1	6	0	0	1	1	0	0
89	0	0	1	6	2	0	1	1	0	0
90	0	0	1	6	4	0	1	1	0	0
91	0	0	1	6	6	0	1	1	0	0
92	0	0	1	6	8	0	1	1	0	0
93	0	0	1	6	10	0	1	1	0	0
94	0	0	1	6	12	0	1	1	0	0
95	0	0	1	6	14	0	1	1	0	0
96	0	0	1	6	16	0	1	1	0	0
97	0	0	1	6	18	0	1	1	0	0
98	0	0	1	6	20	0	1	1	0	0
99	0	0	1	6	22	0	1	1	0	0
100	0	0	1	6	24	0	1	1	0	0
101	0	0	1	8	-24	0	4	4	0	0
102	0	0	1	8	-22	0	4	4	0	0
103	0	0	1	8	-20	0	4	4	0	0
104	0	0	1	8	-18	0	1	1	0	0
105	0	0	1	8	-16	0	1	1	0	0
106	0	0	1	8	-14	0	1	1	0	0
107	0	0	1	8	-12	0	1	1	0	0
108	0	0	1	8	-10	0	1	1	0	0
109	0	0	1	8	-8	0	1	1	0	0
110	0	0	1	8	-6	0	1	1	0	0
111	0	0	1	8	-4	0	1	1	0	0
112	0	0	1	8	-2	0	1	1	0	0
113	0	0	1	8	0	0	1	1	0	0
114	0	0	1	8	2	0	1	1	0	0
115	0	0	1	8	4	0	1	1	0	0
116	0	0	1	8	6	0	1	1	0	0
117	0	0	1	8	8	0	1	1	0	0
118	0	0	1	8	10	0	1	1	0	0
119	0	0	1	8	12	0	1	1	0	0
120	0	0	1	8	14	0	1	1	0	0
121	0	0	1	8	16	0	1	1	0	0
122	0	0	1	8	18	0	1	1	0	0
123	0	0	1	8	20	0	4	4	0	0
124	0	0	1	8	22	0	4	4	0	0
125	0	0	1	8	24	0	4	4	0	0
126	0	0	1	10	-20	0	4	4	0	0
127	0	0	1	10	-18	0	4	4	0	0
128	0	0	1	10	-16	0	1	1	0	0
129	0	0	1	10	-14	0	1	1	0	0
130	0	0	1	10	-12	0	1	1	0	0
131	0	0	1	10	-10	0	1	1	0	0
132	0	0	1	10	-8	0	1	1	0	0
133	0	0	1	10	-6	0	1	1	0	0
134	0	0	1	10	-4	0	1	1	0	0
135	0	0	1	10	-2	0	1	1	0	0
136	0	0	1	10	0	0	1	1	0	0
137	0	0	1	10	2	0	1	1	0	0
138	0	0	1	10	4	0	1	1	0	0
139	0	0	1	10	6	0	1	1	0	0
140	0	0	1	10	8	0	1	1	0	0
141	0	0	1	10	10	0	1	1	0	0
142	0	0	1	10	12	0	1	1	0	0
143	0	0	1	10	14	0	1	1	0	0
144	0	0	1	10	16	0	1	1	0	0
145	0	0	1	10	18	0	4	4	0	0
146	0	0	1	10	20	0	4	4	0	0
147	0	0	1	12	-20	0	4	4	0	0
148	0	0	1	12	-18	0	4	4	0	0
149	0	0	1	12	-16	0	4	4	0	0
150	0	0	1	12	-14	0	1	1	0	0
151	0	0	1	12	-12	0	1	1	0	0
152	0	0	1	12	-10	0	1	1	0	0
153	0	0	1	12	-8	0	1	1	0	0
154	0	0	1	12	-6	0	1	1	0	0
155	0	0	1	12	-4	0	1	1	0	0
156	0	0	1	12	-2	0	1	1	0	0
157	0	0	1	12	0	0	1	1	0	0
158	0	0	1	12	2	0	1	1	0	0
159	0	0	1	12	4	0	1	1	0	0
160	0	0	1	12	6	0	1	1	0	0
161	0	0	1	12	8	0	1	1	0	0
162	0	0	1	12	10	0	1	1	0	0
163	0	0	1	12	12	0	1	1	0	0
164	0	0	1	12	14	0	1	1	0	0
165	0	0	1	12	16	0	4	4	0	0
166	0	0	1	12	18	0	4	4	0	0
167	0	0	1	12	20	0	4	4	0	0
168	0	0	1	14	-18	0	4	4	0	0
169	0	0	1	14	-16	0	4	4	0	0
170	0	0	1	14	-14	0	1	1	0	0
171	0	0	1	14	-12	0	1	1	0	0
172	0	0	1	14	-10	0	1	1	0	0
173	0	0	1	14	-8	0	1	1	0	0
174	0	0	1	14	-6	0	1	1	0	0
175	0	0	1	14	-4	0	1	1	0	0
176	0	0	1	14	-2	0	1	1	0	0
177	0	0	1	14	0	0	1	1	0	0
178	0	0	1	14	2	0	1	1	0	0
179	0	0	1	14	4	0	1	1	0	0
180	0	0	1	14	6	0	1	1	0	0
181	0	0	1	14	8	0	1	1	0	0
182	0	0	1	14	10	0	1	1	0	0
183	0	0	1	14	12	0	1	1	0	0
184	0	0	1	14	14	0	1	1	0	0
185	0	0	1	14	16	0	4	4	0	0
186	0	0	1	14	18	0	4	4	0	0
187	0	0	1	16	-16	0	4	4	0	0
188	0	0	1	16	-14	0	4	4	0	0
189	0	0	1	16	-12	0	1	1	0	0
190	0	0	1	16	-10	0	1	1	0	0
191	0	0	1	16	-8	0	1	1	0	0
192	0	0	1	16	-6	0	1	1	0	0
193	0	0	1	16	-4	0	1	1	0	0
194	0	0	1	16	-2	0	1	1	0	0
195	0	0	1	16	0	0	1	1	0	0
196	0	0	1	16	2	0	1	1	0	0
197	0	0	1	16	4	0	1	1	0	0
198	0	0	1	16	6	0	1	1	0	0
199	0	0	1	16	8	0	1	1	0	0
200	0	0	1	16	10	0	1	1	0	0
201	0	0	1	16	12	0	1	1	0	0
202	0	0	1	16	14	0	4	4	0	0
203	0	0	1	16	16	0	4	4	0	0
204	0	0	1	18	-14	0	4	4	0	0
205	0	0	1	18	-12	0	4	4	0	0
206	0	0	1	18	-10	0	1	1	0	0
207	0	0	1	18	-8	0	1	1	0	0
208	0	0	1	18	-6	0	1	1	0	0
209	0	0	1	18	-4	0	1	1	0	0
210	0	0	1	18	-2	0	1	1	0	0
211	0	0	1	18	0	0	1	1	0	0
212	0	0	1	18	2	0	1	1	0	0
213	0	0	1	18	4	0	1	1	0	0
214	0	0	1	18	6	0	1	1	0	0
215	0	0	1	18	8	0	1	1	0	0
216	0	0	1	18	10	0	1	1	0	0
217	0	0	1	18	12	0	4	4	0	0
218	0	0	1	18	14	0	4	4	0	0
219	0	0	1	20	-14	0	4	4	0	0
220	0	0	1	20	-12	0	4	4	0	0
221	0	0	1	20	-10	0	4	4	0	0
222	0	0	1	20	-8	0	1	1	0	0
223	0	0	1	20	-6	0	1	1	0	0
224	0	0	1	20	-4	0	1	1	0	0
225	0	0	1	20	-2	0	1	1	0	0
226	0	0	1	20	0	0	1	1	0	0
227	0	0	1	20	2	0	1	1	0	0
228	0	0	1	20	4	0	1	1	0	0
229	0	0	1	20	6	0	1	1	0	0
230	0	0	1	20	8	0	1	1	0	0
231	0	0	1	20	10	0	4	4	0	0
232	0	0	1	20	12	0	4	4	0	0
233	0	0	1	20	14	0	4	4	0	0
234	0	0	1	22	-12	0	4	4	0	0
235	0	0	1	22	-10	0	4	4	0	0
236	0	0	1	22	-8	0	4	4	0	0
237	0	0	1	22	-6	0	4	4	0	0
238	0	0	1	22	-4	0	4	4	0	0
239	0	0	1	22	-2	0	4	4	0	0
240	0	0	1	22	0	0	4	4	0	0
241	0	0	1	22	2	0	4	4	0	0
242	0	0	1	22	4	0	4	4	0	0
243	0	0	1	22	6	0	4	4	0	0
244	0	0	1	22	8	0	4	4	0	0
245	0	0	1	22	10	0	4	4	0	0
246	0	0	1	22	12	0	4	4	0	0
247	0	0	1	24	-10	0	4	4	0	0
248	0	0	1	24	-8	0	4	4	0	0
249	0	0	1	24	-6	0	4	4	0	0
250	0	0	1	24	-4	0	4	4	0	0
251	0	0	1	24	4	0	4	4	0	0
252	0	0	1	24	6	0	4	4	0	0
253	0	0	1	24	8	0	4	4	0	0
254	0	0	1	24	10	0	4	4	0	0
255	0	0	1	26	-8	0	4	4	0	0
256	0	0	1	26	-6	0	4	4	0	0
257	0	0	1	26	6	0	4	4	0	0
258	0	0	1	26	8	0	4	4	0	0
259	0	0	1	28	-8	0	4	4	0	0
260	0	0	1	28	-6	0	4	4	0	0
261	0	0	1	28	6	0	4	4	0	0
262	0	0	1	28	8	0	4	4	0	0
263	0	0	1	30	-6	0	4	4	0	0
264	0	0	1	30	-4	0	4	4	0	0
265	0	0	1	30	4	0	4	4	0	0
266	0	0	1	30	6	0	4	4	0	0
267	0	0	1	32	-4	0	4	4	0	0
268	0	0	1	32	-2	0	4	4	0	0
269	0	0	1	32	0	0	4	4	0	0
270	0	0	1	32	2	0	4	4	0	0
271	0	0	1	32	4	0	4	4	0	0
272	0	0	1	34	-2	0	4	4	0	0
273	0	0	1	34	0	0	4	4	0	0
274	0	0	1	34	2	0	4	4	0	0
275	0	0	1	10	24	0	4	4	0	0
276	0	0	1	12.24	22.32	0	4	4	0	0
277	0	0	1	14.48	20.64	0	4	4	0	0
278	0	0	1	16.72	18.96	0	4	4	0	0
279	0	0	1	18.96	17.28	0	4	4	0	0
280	0	0	1	21.2	15.6	0	4	4	0	0
281	0	0	1	23.44	13.92	0	4	4	0	0
282	0	0	1	25.68	12.24	0	4	4	0	0
283	0	0	1	27.92	10.56	0	4	4	0	0
284	0	0	1	30.16	8.88	0	4	4	0	0
285	0	0	1	32.4	7.2	0	4	4	0	0
286	0	0	1	10	-24	0	4	4	0	0
287	0	0	1	12.24	-22.32	0	4	4	0	0
288	0	0	1	14.48	-20.64	0	4	4	0	0
289	0	0	1	16.72	-18.96	0	4	4	0	0
290	0	0	1	18.96	-17.28	0	4	4	0	0
291	0	0	1	21.2	-15.6	0	4	4	0	0
292	0	0	1	23.44	-13.92	0	4	4	0	0
293	0	0	1	25.68	-12.24	0	4	4	0	0
294	0	0	1	27.92	-10.56	0	4	4	0	0
295	0	0	1	30.16	-8.88	0	4	4	0	0
296	0	0	1	32.4	-7.2	0	4	4	0	0
297	0	0	1	33.63506284	-6.080784581	0	4	4	0	0
298	0	0	1	34.64256568	-4.753019018	0	4	4	0	0
299	0	0	1	35.38795462	-3.262241135	0	4	4	0	0
300	0	0	1	35.84566537	-1.659579523	0	4	4	0	0
301	0	0	1	36	0	0	4	4	0	0
302	0	0	1	35.84566537	1.659579523	0	4	4	0	0
303	0	0	1	35.38795462	3.262241135	0	4	4	0	0
304	0	0	1	34.64256568	4.753019018	0	4	4	0	0
305	0	0	1	33.63506284	6.080784581	0	4	4	0	0
306	0	0	1	30	0	0	4	4	0	0
307	0	0	1	29.59807621	1.5	0	4	4	0	0
308	0	0	1	28.5	2.598076211	0	4	4	0	0
309	0	0	1	27	3	0	4	4	0	0
310	0	0	1	25.5	2.598076211	0	4	4	0	0
311	0	0	1	24.40192379	1.5	0	4	4	0	0
312	0	0	1	24	3.67E-16	0	4	4	0	0
313	0	0	1	24.40192379	-1.5	0	4	4	0	0
314	0	0	1	25.5	-2.598076211	0	4	4	0	0
315	0	0	1	27	-3	0	4	4	0	0
316	0	0	1	28.5	-2.598076211	0	4	4	0	0
317	0	0	1	29.59807621	-1.5	0	4	4	0	0
318	0	0	1	10	-22	0	4	4	0	0
319	0	0	1	10	22	0	4	4	0	0
320	0	0	1	18	-16	0	4	4	0	0
321	0	0	1	18	16	0	4	4	0	0
322	0	0	1	26	-10	0	4	4	0	0
323	0	0	1	26	10	0	4	4	0	0
324	0	0	1	26	-4	0	4	4	0	0
325	0	0	1	28	-4	0	4	4	0	0
326	0	0	1	26	4	0	4	4	0	0
327	0	0	1	28	4	0	4	4	0	0
		0   0 0 0    0    0    0   0  0  0    0 
 	\MATERIAL !SET    E    PR   DENSITY  THIC
	            1   100   0.3     1560    1
		    0     0     0        0    0
	\ELEMENT
	\QUADS_MFS
	 ITYPE: 2  MTYPE: 1  NUMELE: 167 ELEASS: 20 
	\END    !N  NODE  IND(2,N) RAD(2,N) RADIUS  INDSP KN 
1	76	2	2	0	0	2	2	4	0
2	77	3	3	0	0	2	2	4	0
3	78	3	3	0	0	2	2	4	0
4	79	3	3	0	0	2	2	4	0
5	97	3	3	0	0	2	2	4	0
6	98	3	3	0	0	2	2	4	0
7	99	3	3	0	0	2	2	4	0
8	100	2	2	0	0	2	2	4	0
9	101	2	2	0	0	2	2	3	0
10	102	0	0	0	0	2	2	3	0
11	103	0	0	0	0	2	2	3	0
12	104	3	3	0	0	2	2	4	0
13	105	3	3	0	0	2	2	4	0
14	121	3	3	0	0	2	2	4	0
15	122	3	3	0	0	2	2	4	0
16	123	0	0	0	0	2	2	3	0
17	124	0	0	0	0	2	2	3	0
18	125	2	2	0	0	2	2	3	0
19	126	0	0	0	0	2	2	3	0
20	127	0	0	0	0	2	2	3	0
21	128	3	3	0	0	2	2	4	0
22	129	3	3	0	0	2	2	4	0
23	143	3	3	0	0	2	2	4	0
24	144	3	3	0	0	2	2	4	0
25	145	0	0	0	0	2	2	3	0
26	146	0	0	0	0	2	2	3	0
27	147	0	0	0	0	2	2	1	0
28	148	0	0	0	0	2	2	3	0
29	149	0	0	0	0	2	2	3	0
30	150	3	3	0	0	2	2	4	0
31	164	3	3	0	0	2	2	4	0
32	165	0	0	0	0	2	2	3	0
33	166	0	0	0	0	2	2	3	0
34	167	0	0	0	0	2	2	1	0
35	168	0	0	0	0	2	2	1	0
36	169	0	0	0	0	2	2	3	0
37	170	3	3	0	0	2	2	4	0
38	171	3	3	0	0	2	2	4	0
39	183	3	3	0	0	2	2	4	0
40	184	3	3	0	0	2	2	4	0
41	185	0	0	0	0	2	2	3	0
42	186	0	0	0	0	2	2	1	0
43	187	0	0	0	0	2	2	3	0
44	188	0	0	0	0	2	2	3	0
45	189	3	3	0	0	2	2	4	0
46	190	3	3	0	0	2	2	4	0
47	200	3	3	0	0	2	2	4	0
48	201	3	3	0	0	2	2	4	0
49	202	0	0	0	0	2	2	3	0
50	203	0	0	0	0	2	2	3	0
51	204	0	0	0	0	2	2	3	0
52	205	0	0	0	0	2	2	3	0
53	206	3	3	0	0	2	2	4	0
54	207	3	3	0	0	2	2	4	0
55	215	3	3	0	0	2	2	4	0
56	216	3	3	0	0	2	2	4	0
57	217	0	0	0	0	2	2	3	0
58	218	0	0	0	0	2	2	3	0
59	219	0	0	0	0	2	2	1	0
60	220	0	0	0	0	2	2	3	0
61	221	0	0	0	0	2	2	3	0
62	222	3	3	0	0	2	2	4	0
63	223	3	3	0	0	2	2	4	0
64	224	3	3	0	0	2	2	4	0
65	225	3	3	0	0	2	2	4	0
66	226	3	3	0	0	2	2	4	0
67	227	3	3	0	0	2	2	4	0
68	228	3	3	0	0	2	2	4	0
69	229	3	3	0	0	2	2	4	0
70	230	3	3	0	0	2	2	4	0
71	231	0	0	0	0	2	2	3	0
72	232	0	0	0	0	2	2	3	0
73	233	0	0	0	0	2	2	1	0
74	234	0	0	0	0	2	2	1	0
75	235	0	0	0	0	2	2	3	0
76	236	0	0	0	0	2	2	3	0
77	237	0	0	0	0	2	2	3	0
78	238	0	0	0	0	2	2	3	0
79	239	0	0	0	0	2	2	3	0
80	240	0	0	0	0	2	2	3	0
81	241	0	0	0	0	2	2	3	0
82	242	0	0	0	0	2	2	3	0
83	243	0	0	0	0	2	2	3	0
84	244	0	0	0	0	2	2	3	0
85	245	0	0	0	0	2	2	3	0
86	246	0	0	0	0	2	2	1	0
87	247	0	0	0	0	2	2	3	0
88	248	0	0	0	0	2	2	3	0
89	249	0	0	0	0	2	2	3	0
90	250	0	0	0	0	2	2	1	0
91	251	0	0	0	0	2	2	1	0
92	252	0	0	0	0	2	2	3	0
93	253	0	0	0	0	2	2	3	0
94	254	0	0	0	0	2	2	3	0
95	255	0	0	0	0	2	2	3	0
96	256	0	0	0	0	2	2	3	0
97	257	0	0	0	0	2	2	3	0
98	258	0	0	0	0	2	2	3	0
99	259	0	0	0	0	2	2	1	0
100	260	0	0	0	0	2	2	3	0
101	261	0	0	0	0	2	2	3	0
102	262	0	0	0	0	2	2	1	0
103	263	0	0	0	0	2	2	1	0
104	264	0	0	0	0	2	2	1	0
105	265	0	0	0	0	2	2	1	0
106	266	0	0	0	0	2	2	1	0
107	267	0	0	0	0	2	2	1	0
108	268	0	0	0	0	2	2	1	0
109	269	0	0	0	0	2	2	1	0
110	270	0	0	0	0	2	2	1	0
111	271	0	0	0	0	2	2	1	0
112	272	0	0	0	0	1.5	1.5	1	0
113	273	0	0	0	0	2	2	1	0
114	274	0	0	0	0	1.5	1.5	1	0
115	275	2	2	0	0	2	2	1	0
116	276	2	2	0	0	2.8	2.8	1	0
117	277	2	2	0	0	2.8	2.8	1	0
118	278	2	2	0	0	2.8	2.8	1	0
119	279	2	2	0	0	2.8	2.8	1	0
120	280	2	2	0	0	2.8	2.8	1	0
121	281	2	2	0	0	2.8	2.8	1	0
122	282	2	2	0	0	2.8	2.8	1	0
123	283	2	2	0	0	2.8	2.8	1	0
124	284	2	2	0	0	2.8	2.8	1	0
125	285	2	2	0	0	1.666740343	1.666740343	1	0
126	286	2	2	0	0	2	2	1	0
127	287	2	2	0	0	2.8	2.8	1	0
128	288	2	2	0	0	2.8	2.8	1	0
129	289	2	2	0	0	2.8	2.8	1	0
130	290	2	2	0	0	2.8	2.8	1	0
131	291	2	2	0	0	2.8	2.8	1	0
132	292	2	2	0	0	2.8	2.8	1	0
133	293	2	2	0	0	2.8	2.8	1	0
134	294	2	2	0	0	2.8	2.8	1	0
135	295	2	2	0	0	2.8	2.8	1	0
136	296	2	2	0	0	1.666740343	1.666740343	1	0
137	297	2	2	0	0	1.666740343	1.666740343	1	0
138	298	2	2	0	0	1.666740343	1.666740343	1	0
139	299	2	2	0	0	1.666740343	1.666740343	1	0
140	300	2	2	0	0	1.666740343	1.666740343	1	0
141	301	2	2	0	0	1.666740343	1.666740343	1	0
142	302	2	2	0	0	1.666740343	1.666740343	1	0
143	303	2	2	0	0	1.666740343	1.666740343	1	0
144	304	2	2	0	0	1.666740343	1.666740343	1	0
145	305	2	2	0	0	1.666740343	1.666740343	1	0
146	306	2	2	0	0	1.552914271	1.552914271	1	0
147	307	2	2	0	0	1.552914271	1.552914271	1	0
148	308	2	2	0	0	1.552914271	1.552914271	1	0
149	309	2	2	0	0	1.552914271	1.552914271	1	0
150	310	2	2	0	0	1.552914271	1.552914271	1	0
151	311	2	2	0	0	1.552914271	1.552914271	1	0
152	312	2	2	0	0	1.552914271	1.552914271	1	0
153	313	2	2	0	0	1.552914271	1.552914271	1	0
154	314	2	2	0	0	1.552914271	1.552914271	1	0
155	315	2	2	0	0	1.552914271	1.552914271	1	0
156	316	2	2	0	0	1.552914271	1.552914271	1	0
157	317	2	2	0	0	1.552914271	1.552914271	1	0
158	318	0	0	0	0	1.5	1.5	1	0
159	319	0	0	0	0	1.5	1.5	1	0
160	320	0	0	0	0	1.5	1.5	1	0
161	321	0	0	0	0	1.5	1.5	1	0
162	322	0	0	0	0	1.5	1.5	1	0
163	323	0	0	0	0	1.5	1.5	1	0
164	324	0	0	0	0	1	1	1	0
165	325	0	0	0	0	1	1	1	0
166	326	0	0	0	0	1	1	1	0
167	327	0	0	0	0	1	1	1	0
		0  0        0    0      0 0 0 0 0 0
        \QUADS 
         ITYPE:  2 MTYPE: 1  NUMELE: 164  NINTG: 2 
	\END    !N NODE1  NODE2  NODE3  NODE4 THIC
1 1 26 27 2 1
2 2 27 28 3 1
3 3 28 29 4 1
4 4 29 30 4 1
5 5 30 31 6 1
6 6 31 32 7 1
7 7 32 33 8 1
8 8 33 34 9 1
9 9 34 35 10 1
10 10 35 36 11 1
11 11 36 37 12 1
12 12 37 38 13 1
13 13 38 39 14 1
14 14 39 40 15 1
15 15 40 41 16 1
16 16 41 42 17 1
17 17 42 43 18 1
18 18 43 44 19 1
19 19 44 45 20 1
20 20 45 46 21 1
21 21 46 47 22 1
22 22 47 48 23 1
23 23 48 49 24 1
24 24 49 50 25 1
25 26 51 52 27 1
26 27 52 53 28 1
27 28 53 54 29 1
28 29 54 55 30 1
29 30 55 56 31 1
30 31 56 57 32 1
31 32 57 58 33 1
32 33 58 59 34 1
33 34 59 60 35 1
34 35 60 61 36 1
35 36 61 62 37 1
36 37 62 63 38 1
37 38 63 64 39 1
38 39 64 65 40 1
39 40 65 66 41 1
40 41 66 67 42 1
41 42 67 68 43 1
42 43 68 69 44 1
43 44 69 70 45 1
44 45 70 71 46 1
45 46 71 72 47 1
46 47 72 73 48 1
47 48 73 74 49 1
48 49 74 75 50 1
49 51 76 77 52 1
50 52 77 78 53 1
51 53 78 79 54 1
52 54 79 80 55 1
53 55 80 81 56 1
54 56 81 82 57 1
55 57 82 83 58 1
56 58 83 84 59 1
57 59 84 85 60 1
58 60 85 86 61 1
59 61 86 87 62 1
60 62 87 88 63 1
61 63 88 89 64 1
62 64 89 90 65 1
63 65 90 91 66 1
64 66 91 92 67 1
65 67 92 93 68 1
66 68 93 94 69 1
67 69 94 95 70 1
68 70 95 96 71 1
69 71 96 97 72 1
70 72 97 98 73 1
71 73 98 99 74 1
72 74 99 100 75 1
73 79 104 105 80 1
74 80 105 106 81 1
75 81 106 107 82 1
76 82 107 108 83 1
77 83 108 109 84 1
78 84 109 110 85 1
79 85 110 111 86 1
80 86 111 112 87 1
81 87 112 113 88 1
82 88 113 114 89 1
83 89 114 115 90 1
84 90 115 116 91 1
85 91 116 117 92 1
86 92 117 118 93 1
87 93 118 119 94 1
88 94 119 120 95 1
89 95 120 121 96 1
90 96 121 122 97 1
91 105 128 129 106 1
92 106 129 130 107 1
93 107 130 131 108 1
94 108 131 132 109 1
95 109 132 133 110 1
96 110 133 134 111 1
97 111 134 135 112 1
98 112 135 136 113 1
99 113 136 137 114 1
100 114 137 138 115 1
101 115 138 139 116 1
102 116 139 140 117 1
103 117 140 141 118 1
104 118 141 142 119 1
105 119 142 143 120 1
106 120 143 144 121 1
107 129 150 151 130 1
108 130 151 152 131 1
109 131 152 153 132 1
110 132 153 154 133 1
111 133 154 155 134 1
112 134 155 156 135 1
113 135 156 157 136 1
114 136 157 158 137 1
115 137 158 159 138 1
116 138 159 160 139 1
117 139 160 161 140 1
118 140 161 162 141 1
119 141 162 163 142 1
120 142 163 164 143 1
121 150 170 171 151 1
122 151 171 172 152 1
123 152 172 173 153 1
124 153 173 174 154 1
125 154 174 175 155 1
126 155 175 176 156 1
127 156 176 177 157 1
128 157 177 178 158 1
129 158 178 179 159 1
130 159 179 180 160 1
131 160 180 181 161 1
132 161 181 182 162 1
133 162 182 183 163 1
134 163 183 184 164 1
135 171 189 190 172 1
136 172 190 191 173 1
137 173 191 192 174 1
138 174 192 193 175 1
139 175 193 194 176 1
140 176 194 195 177 1
141 177 195 196 178 1
142 178 196 197 179 1
143 179 197 198 180 1
144 180 198 199 181 1
145 181 199 200 182 1
146 182 200 201 183 1
147 190 206 207 191 1
148 191 207 208 192 1
149 192 208 209 193 1
150 193 209 210 194 1
151 194 210 211 195 1
152 195 211 212 196 1
153 196 212 213 197 1
154 197 213 214 198 1
155 198 214 215 199 1
156 199 215 216 200 1
157 207 222 223 208 1
158 208 223 224 209 1
159 209 224 225 210 1
160 210 225 226 211 1
161 211 226 227 212 1
162 212 227 228 213 1
163 213 228 229 214 1
164 214 229 230 215 1
                 0   0      0      0      0     0
        \BOUNDARY
        \LINE 
         NUMBC: 84
        \END ! N  ELE1 ELE2  IND(2,N) FLOAD(2,N) FUNC(2,N)  KN
1	8 7 3 3 0 0 1 1 0
2	7 6 3 3 0 0 1 1 0
3	6 5 3 3 0 0 1 1 0
4	5 15 3 3 0 0 1 1 0
5	15 14 3 3 0 0 1 1 0
6	14 24 3 3 0 0 1 1 0
7	24 23 3 3 0 0 1 1 0
8	23 31 3 3 0 0 1 1 0
9	31 40 3 3 0 0 1 1 0
10	40 39 3 3 0 0 1 1 0
11	39 48 3 3 0 0 1 1 0
12	48 47 3 3 0 0 1 1 0
13	47 56 3 3 0 0 1 1 0
14	56 55 3 3 0 0 1 1 0
15	55 70 3 3 0 0 1 1 0
16	70 69 3 3 0 0 1 1 0
17	69 68 3 3 0 0 1 1 0
18	68 67 3 3 0 0 1 1 0
19	67 66 3 3 0 0 1 1 1
23	63 62 3 3 0 0 1 1 0
24	62 54 3 3 0 0 1 1 0
25	54 53 3 3 0 0 1 1 0
26	53 46 3 3 0 0 1 1 0
27	46 45 3 3 0 0 1 1 0
28	45 38 3 3 0 0 1 1 0
29	38 37 3 3 0 0 1 1 0
30	37 30 3 3 0 0 1 1 0
31	30 22 3 3 0 0 1 1 0
32	22 21 3 3 0 0 1 1 0
33	21 13	3 3 0 0 1 1 0
34	13 12 3 3 0 0 1 1 0
35	12 4 3 3 0 0 1 1 0
36	4 3 3 3 0 0 1 1 0
37	3 2 3 3 0 0 1 1 0
38	2 1 3 3 0 0 1 1 0
39   1   9     2  2     0    0      1   1     0
	      40  9   126     2  2     0    0      1   1     0
	      41  126   127     2  2     0    0      1   1     1
              59  144   145     2  2     0    0      1   1     0
              60  145   125     2  2     0    0      1   1     0
              61  125   124     2  2     0    0      1   1     1
              70  116   115     2  2     0    0      1   1     0
              71  115    18     2  2     0    0      1   1     0
              72   18     8     2  2     0    0      1   1     0
              73   146  157     2  2     0    2      3   3     0
              74   157  156     2  2     0    2      3   3     0
              75   156  155     2  2     0    2      3   3     0
              76   155  154     2  2     0    2      2   2     0
              77   154  153     2  2     0    2      2   2     0
              78   153  152     2  2     0    2      2   2     0
              79   152  151     2  2     0    0      1   1     1
              84   147  146     2  2     0    0      1   1     0
               0   0    0     0  0     0    0      0   0     0	  
\END{INPUT}
!-----------------
  \GENERATE
!-----------------
  \STATIC_SOLVER
!-----------------
!  \OUTPUT
!-----------------
  \END 
!-----------------
 

