!-----------------
  \START
!-----------------
  \INPUT
!-----------------      
        \GLOBAL
   	  PROJECT:  PATCH_TEST2_MFS
	  NUMNP:         441
	  NMAT:            1
	  NBGROUP:         1
	  NEGROUP:         2
	  NITP_IN:        40
          NIDIV_IN:       40
	  DYNAMIC:         0
!
          CONTACT:         0 
          NSPAIR:          0
	\END
	\NODE  !N  ID(3,N)   X    Y    Z   NDOF(3,N)  KN
1	0	0	1	0	0	0	3	3	0	0
2	0	0	1	0	0.100000000000000	0	3	3	0	0
3	0	0	1	0	0.200000000000000	0	3	3	0	0
4	0	0	1	0	0.300000000000000	0	3	3	0	0
5	0	0	1	0	0.400000000000000	0	3	3	0	0
6	0	0	1	0	0.500000000000000	0	3	3	0	0
7	0	0	1	0	0.600000000000000	0	3	3	0	0
8	0	0	1	0	0.700000000000000	0	3	3	0	0
9	0	0	1	0	0.800000000000000	0	3	3	0	0
10	0	0	1	0	0.900000000000000	0	3	3	0	0
11	0	0	1	0	1	0	3	3	0	0
12	0	0	1	0	1.10000000000000	0	3	3	0	0
13	0	0	1	0	1.20000000000000	0	3	3	0	0
14	0	0	1	0	1.30000000000000	0	3	3	0	0
15	0	0	1	0	1.40000000000000	0	3	3	0	0
16	0	0	1	0	1.50000000000000	0	3	3	0	0
17	0	0	1	0	1.60000000000000	0	3	3	0	0
18	0	0	1	0	1.70000000000000	0	3	3	0	0
19	0	0	1	0	1.80000000000000	0	3	3	0	0
20	0	0	1	0	1.90000000000000	0	3	3	0	0
21	0	0	1	0	2	0	3	3	0	0
22	0	0	1	0.100000000000000	0	0	6	6	0	0
23	0	0	1	0.100000000000000	0.100000000000000	0	6	6	0	0
24	0	0	1	0.100000000000000	0.200000000000000	0	6	6	0	0
25	0	0	1	0.100000000000000	0.300000000000000	0	6	6	0	0
26	0	0	1	0.100000000000000	0.400000000000000	0	6	6	0	0
27	0	0	1	0.100000000000000	0.500000000000000	0	6	6	0	0
28	0	0	1	0.100000000000000	0.600000000000000	0	6	6	0	0
29	0	0	1	0.100000000000000	0.700000000000000	0	6	6	0	0
30	0	0	1	0.100000000000000	0.800000000000000	0	6	6	0	0
31	0	0	1	0.100000000000000	0.900000000000000	0	6	6	0	0
32	0	0	1	0.100000000000000	1	0	6	6	0	0
33	0	0	1	0.100000000000000	1.10000000000000	0	6	6	0	0
34	0	0	1	0.100000000000000	1.20000000000000	0	6	6	0	0
35	0	0	1	0.100000000000000	1.30000000000000	0	6	6	0	0
36	0	0	1	0.100000000000000	1.40000000000000	0	6	6	0	0
37	0	0	1	0.100000000000000	1.50000000000000	0	6	6	0	0
38	0	0	1	0.100000000000000	1.60000000000000	0	6	6	0	0
39	0	0	1	0.100000000000000	1.70000000000000	0	6	6	0	0
40	0	0	1	0.100000000000000	1.80000000000000	0	6	6	0	0
41	0	0	1	0.100000000000000	1.90000000000000	0	6	6	0	0
42	0	0	1	0.100000000000000	2	0	6	6	0	0
43	0	0	1	0.200000000000000	0	0	6	6	0	0
44	0	0	1	0.200000000000000	0.100000000000000	0	6	6	0	0
45	0	0	1	0.200000000000000	0.200000000000000	0	1	1	0	0
46	0	0	1	0.200000000000000	0.300000000000000	0	1	1	0	0
47	0	0	1	0.200000000000000	0.400000000000000	0	1	1	0	0
48	0	0	1	0.200000000000000	0.500000000000000	0	1	1	0	0
49	0	0	1	0.200000000000000	0.600000000000000	0	1	1	0	0
50	0	0	1	0.200000000000000	0.700000000000000	0	1	1	0	0
51	0	0	1	0.200000000000000	0.800000000000000	0	1	1	0	0
52	0	0	1	0.200000000000000	0.900000000000000	0	1	1	0	0
53	0	0	1	0.200000000000000	1	0	1	1	0	0
54	0	0	1	0.200000000000000	1.10000000000000	0	1	1	0	0
55	0	0	1	0.200000000000000	1.20000000000000	0	1	1	0	0
56	0	0	1	0.200000000000000	1.30000000000000	0	1	1	0	0
57	0	0	1	0.200000000000000	1.40000000000000	0	1	1	0	0
58	0	0	1	0.200000000000000	1.50000000000000	0	1	1	0	0
59	0	0	1	0.200000000000000	1.60000000000000	0	1	1	0	0
60	0	0	1	0.200000000000000	1.70000000000000	0	1	1	0	0
61	0	0	1	0.200000000000000	1.80000000000000	0	1	1	0	0
62	0	0	1	0.200000000000000	1.90000000000000	0	6	6	0	0
63	0	0	1	0.200000000000000	2	0	6	6	0	0
64	0	0	1	0.300000000000000	0	0	6	6	0	0
65	0	0	1	0.300000000000000	0.100000000000000	0	6	6	0	0
66	0	0	1	0.300000000000000	0.200000000000000	0	1	1	0	0
67	0	0	1	0.300000000000000	0.300000000000000	0	1	1	0	0
68	0	0	1	0.300000000000000	0.400000000000000	0	1	1	0	0
69	0	0	1	0.300000000000000	0.500000000000000	0	1	1	0	0
70	0	0	1	0.300000000000000	0.600000000000000	0	1	1	0	0
71	0	0	1	0.300000000000000	0.700000000000000	0	1	1	0	0
72	0	0	1	0.300000000000000	0.800000000000000	0	1	1	0	0
73	0	0	1	0.300000000000000	0.900000000000000	0	1	1	0	0
74	0	0	1	0.300000000000000	1	0	1	1	0	0
75	0	0	1	0.300000000000000	1.10000000000000	0	1	1	0	0
76	0	0	1	0.300000000000000	1.20000000000000	0	1	1	0	0
77	0	0	1	0.300000000000000	1.30000000000000	0	1	1	0	0
78	0	0	1	0.300000000000000	1.40000000000000	0	1	1	0	0
79	0	0	1	0.300000000000000	1.50000000000000	0	1	1	0	0
80	0	0	1	0.300000000000000	1.60000000000000	0	1	1	0	0
81	0	0	1	0.300000000000000	1.70000000000000	0	1	1	0	0
82	0	0	1	0.300000000000000	1.80000000000000	0	1	1	0	0
83	0	0	1	0.300000000000000	1.90000000000000	0	6	6	0	0
84	0	0	1	0.300000000000000	2	0	6	6	0	0
85	0	0	1	0.400000000000000	0	0	6	6	0	0
86	0	0	1	0.400000000000000	0.100000000000000	0	6	6	0	0
87	0	0	1	0.400000000000000	0.200000000000000	0	1	1	0	0
88	0	0	1	0.400000000000000	0.300000000000000	0	1	1	0	0
89	0	0	1	0.400000000000000	0.400000000000000	0	1	1	0	0
90	0	0	1	0.400000000000000	0.500000000000000	0	1	1	0	0
91	0	0	1	0.400000000000000	0.600000000000000	0	1	1	0	0
92	0	0	1	0.400000000000000	0.700000000000000	0	1	1	0	0
93	0	0	1	0.400000000000000	0.800000000000000	0	1	1	0	0
94	0	0	1	0.400000000000000	0.900000000000000	0	1	1	0	0
95	0	0	1	0.400000000000000	1	0	1	1	0	0
96	0	0	1	0.400000000000000	1.10000000000000	0	1	1	0	0
97	0	0	1	0.400000000000000	1.20000000000000	0	1	1	0	0
98	0	0	1	0.400000000000000	1.30000000000000	0	1	1	0	0
99	0	0	1	0.400000000000000	1.40000000000000	0	1	1	0	0
100	0	0	1	0.400000000000000	1.50000000000000	0	1	1	0	0
101	0	0	1	0.400000000000000	1.60000000000000	0	1	1	0	0
102	0	0	1	0.400000000000000	1.70000000000000	0	1	1	0	0
103	0	0	1	0.400000000000000	1.80000000000000	0	1	1	0	0
104	0	0	1	0.400000000000000	1.90000000000000	0	6	6	0	0
105	0	0	1	0.400000000000000	2	0	6	6	0	0
106	0	0	1	0.500000000000000	0	0	6	6	0	0
107	0	0	1	0.500000000000000	0.100000000000000	0	6	6	0	0
108	0	0	1	0.500000000000000	0.200000000000000	0	1	1	0	0
109	0	0	1	0.500000000000000	0.300000000000000	0	1	1	0	0
110	0	0	1	0.500000000000000	0.400000000000000	0	1	1	0	0
111	0	0	1	0.500000000000000	0.500000000000000	0	1	1	0	0
112	0	0	1	0.500000000000000	0.600000000000000	0	1	1	0	0
113	0	0	1	0.500000000000000	0.700000000000000	0	1	1	0	0
114	0	0	1	0.500000000000000	0.800000000000000	0	1	1	0	0
115	0	0	1	0.500000000000000	0.900000000000000	0	1	1	0	0
116	0	0	1	0.500000000000000	1	0	1	1	0	0
117	0	0	1	0.500000000000000	1.10000000000000	0	1	1	0	0
118	0	0	1	0.500000000000000	1.20000000000000	0	1	1	0	0
119	0	0	1	0.500000000000000	1.30000000000000	0	1	1	0	0
120	0	0	1	0.500000000000000	1.40000000000000	0	1	1	0	0
121	0	0	1	0.500000000000000	1.50000000000000	0	1	1	0	0
122	0	0	1	0.500000000000000	1.60000000000000	0	1	1	0	0
123	0	0	1	0.500000000000000	1.70000000000000	0	1	1	0	0
124	0	0	1	0.500000000000000	1.80000000000000	0	1	1	0	0
125	0	0	1	0.500000000000000	1.90000000000000	0	6	6	0	0
126	0	0	1	0.500000000000000	2	0	6	6	0	0
127	0	0	1	0.600000000000000	0	0	6	6	0	0
128	0	0	1	0.600000000000000	0.100000000000000	0	6	6	0	0
129	0	0	1	0.600000000000000	0.200000000000000	0	1	1	0	0
130	0	0	1	0.600000000000000	0.300000000000000	0	1	1	0	0
131	0	0	1	0.600000000000000	0.400000000000000	0	1	1	0	0
132	0	0	1	0.600000000000000	0.500000000000000	0	1	1	0	0
133	0	0	1	0.600000000000000	0.600000000000000	0	1	1	0	0
134	0	0	1	0.600000000000000	0.700000000000000	0	1	1	0	0
135	0	0	1	0.600000000000000	0.800000000000000	0	1	1	0	0
136	0	0	1	0.600000000000000	0.900000000000000	0	1	1	0	0
137	0	0	1	0.600000000000000	1	0	1	1	0	0
138	0	0	1	0.600000000000000	1.10000000000000	0	1	1	0	0
139	0	0	1	0.600000000000000	1.20000000000000	0	1	1	0	0
140	0	0	1	0.600000000000000	1.30000000000000	0	1	1	0	0
141	0	0	1	0.600000000000000	1.40000000000000	0	1	1	0	0
142	0	0	1	0.600000000000000	1.50000000000000	0	1	1	0	0
143	0	0	1	0.600000000000000	1.60000000000000	0	1	1	0	0
144	0	0	1	0.600000000000000	1.70000000000000	0	1	1	0	0
145	0	0	1	0.600000000000000	1.80000000000000	0	1	1	0	0
146	0	0	1	0.600000000000000	1.90000000000000	0	6	6	0	0
147	0	0	1	0.600000000000000	2	0	6	6	0	0
148	0	0	1	0.700000000000000	0	0	6	6	0	0
149	0	0	1	0.700000000000000	0.100000000000000	0	6	6	0	0
150	0	0	1	0.700000000000000	0.200000000000000	0	1	1	0	0
151	0	0	1	0.700000000000000	0.300000000000000	0	1	1	0	0
152	0	0	1	0.700000000000000	0.400000000000000	0	1	1	0	0
153	0	0	1	0.700000000000000	0.500000000000000	0	1	1	0	0
154	0	0	1	0.700000000000000	0.600000000000000	0	1	1	0	0
155	0	0	1	0.700000000000000	0.700000000000000	0	1	1	0	0
156	0	0	1	0.700000000000000	0.800000000000000	0	1	1	0	0
157	0	0	1	0.700000000000000	0.900000000000000	0	1	1	0	0
158	0	0	1	0.700000000000000	1	0	1	1	0	0
159	0	0	1	0.700000000000000	1.10000000000000	0	1	1	0	0
160	0	0	1	0.700000000000000	1.20000000000000	0	1	1	0	0
161	0	0	1	0.700000000000000	1.30000000000000	0	1	1	0	0
162	0	0	1	0.700000000000000	1.40000000000000	0	1	1	0	0
163	0	0	1	0.700000000000000	1.50000000000000	0	1	1	0	0
164	0	0	1	0.700000000000000	1.60000000000000	0	1	1	0	0
165	0	0	1	0.700000000000000	1.70000000000000	0	1	1	0	0
166	0	0	1	0.700000000000000	1.80000000000000	0	1	1	0	0
167	0	0	1	0.700000000000000	1.90000000000000	0	6	6	0	0
168	0	0	1	0.700000000000000	2	0	6	6	0	0
169	0	0	1	0.800000000000000	0	0	6	6	0	0
170	0	0	1	0.800000000000000	0.100000000000000	0	6	6	0	0
171	0	0	1	0.800000000000000	0.200000000000000	0	1	1	0	0
172	0	0	1	0.800000000000000	0.300000000000000	0	1	1	0	0
173	0	0	1	0.800000000000000	0.400000000000000	0	1	1	0	0
174	0	0	1	0.800000000000000	0.500000000000000	0	1	1	0	0
175	0	0	1	0.800000000000000	0.600000000000000	0	1	1	0	0
176	0	0	1	0.800000000000000	0.700000000000000	0	1	1	0	0
177	0	0	1	0.800000000000000	0.800000000000000	0	1	1	0	0
178	0	0	1	0.800000000000000	0.900000000000000	0	1	1	0	0
179	0	0	1	0.800000000000000	1	0	1	1	0	0
180	0	0	1	0.800000000000000	1.10000000000000	0	1	1	0	0
181	0	0	1	0.800000000000000	1.20000000000000	0	1	1	0	0
182	0	0	1	0.800000000000000	1.30000000000000	0	1	1	0	0
183	0	0	1	0.800000000000000	1.40000000000000	0	1	1	0	0
184	0	0	1	0.800000000000000	1.50000000000000	0	1	1	0	0
185	0	0	1	0.800000000000000	1.60000000000000	0	1	1	0	0
186	0	0	1	0.800000000000000	1.70000000000000	0	1	1	0	0
187	0	0	1	0.800000000000000	1.80000000000000	0	1	1	0	0
188	0	0	1	0.800000000000000	1.90000000000000	0	6	6	0	0
189	0	0	1	0.800000000000000	2	0	6	6	0	0
190	0	0	1	0.900000000000000	0	0	6	6	0	0
191	0	0	1	0.900000000000000	0.100000000000000	0	6	6	0	0
192	0	0	1	0.900000000000000	0.200000000000000	0	1	1	0	0
193	0	0	1	0.900000000000000	0.300000000000000	0	1	1	0	0
194	0	0	1	0.900000000000000	0.400000000000000	0	1	1	0	0
195	0	0	1	0.900000000000000	0.500000000000000	0	1	1	0	0
196	0	0	1	0.900000000000000	0.600000000000000	0	1	1	0	0
197	0	0	1	0.900000000000000	0.700000000000000	0	1	1	0	0
198	0	0	1	0.900000000000000	0.800000000000000	0	1	1	0	0
199	0	0	1	0.900000000000000	0.900000000000000	0	1	1	0	0
200	0	0	1	0.900000000000000	1	0	1	1	0	0
201	0	0	1	0.900000000000000	1.10000000000000	0	1	1	0	0
202	0	0	1	0.900000000000000	1.20000000000000	0	1	1	0	0
203	0	0	1	0.900000000000000	1.30000000000000	0	1	1	0	0
204	0	0	1	0.900000000000000	1.40000000000000	0	1	1	0	0
205	0	0	1	0.900000000000000	1.50000000000000	0	1	1	0	0
206	0	0	1	0.900000000000000	1.60000000000000	0	1	1	0	0
207	0	0	1	0.900000000000000	1.70000000000000	0	1	1	0	0
208	0	0	1	0.900000000000000	1.80000000000000	0	1	1	0	0
209	0	0	1	0.900000000000000	1.90000000000000	0	6	6	0	0
210	0	0	1	0.900000000000000	2	0	6	6	0	0
211	0	0	1	1	0	0	6	6	0	0
212	0	0	1	1	0.100000000000000	0	6	6	0	0
213	0	0	1	1	0.200000000000000	0	1	1	0	0
214	0	0	1	1	0.300000000000000	0	1	1	0	0
215	0	0	1	1	0.400000000000000	0	1	1	0	0
216	0	0	1	1	0.500000000000000	0	1	1	0	0
217	0	0	1	1	0.600000000000000	0	1	1	0	0
218	0	0	1	1	0.700000000000000	0	1	1	0	0
219	0	0	1	1	0.800000000000000	0	1	1	0	0
220	0	0	1	1	0.900000000000000	0	1	1	0	0
221	0	0	1	1	1	0	1	1	0	0
222	0	0	1	1	1.10000000000000	0	1	1	0	0
223	0	0	1	1	1.20000000000000	0	1	1	0	0
224	0	0	1	1	1.30000000000000	0	1	1	0	0
225	0	0	1	1	1.40000000000000	0	1	1	0	0
226	0	0	1	1	1.50000000000000	0	1	1	0	0
227	0	0	1	1	1.60000000000000	0	1	1	0	0
228	0	0	1	1	1.70000000000000	0	1	1	0	0
229	0	0	1	1	1.80000000000000	0	1	1	0	0
230	0	0	1	1	1.90000000000000	0	6	6	0	0
231	0	0	1	1	2	0	6	6	0	0
232	0	0	1	1.10000000000000	0	0	6	6	0	0
233	0	0	1	1.10000000000000	0.100000000000000	0	6	6	0	0
234	0	0	1	1.10000000000000	0.200000000000000	0	1	1	0	0
235	0	0	1	1.10000000000000	0.300000000000000	0	1	1	0	0
236	0	0	1	1.10000000000000	0.400000000000000	0	1	1	0	0
237	0	0	1	1.10000000000000	0.500000000000000	0	1	1	0	0
238	0	0	1	1.10000000000000	0.600000000000000	0	1	1	0	0
239	0	0	1	1.10000000000000	0.700000000000000	0	1	1	0	0
240	0	0	1	1.10000000000000	0.800000000000000	0	1	1	0	0
241	0	0	1	1.10000000000000	0.900000000000000	0	1	1	0	0
242	0	0	1	1.10000000000000	1	0	1	1	0	0
243	0	0	1	1.10000000000000	1.10000000000000	0	1	1	0	0
244	0	0	1	1.10000000000000	1.20000000000000	0	1	1	0	0
245	0	0	1	1.10000000000000	1.30000000000000	0	1	1	0	0
246	0	0	1	1.10000000000000	1.40000000000000	0	1	1	0	0
247	0	0	1	1.10000000000000	1.50000000000000	0	1	1	0	0
248	0	0	1	1.10000000000000	1.60000000000000	0	1	1	0	0
249	0	0	1	1.10000000000000	1.70000000000000	0	1	1	0	0
250	0	0	1	1.10000000000000	1.80000000000000	0	1	1	0	0
251	0	0	1	1.10000000000000	1.90000000000000	0	6	6	0	0
252	0	0	1	1.10000000000000	2	0	6	6	0	0
253	0	0	1	1.20000000000000	0	0	6	6	0	0
254	0	0	1	1.20000000000000	0.100000000000000	0	6	6	0	0
255	0	0	1	1.20000000000000	0.200000000000000	0	1	1	0	0
256	0	0	1	1.20000000000000	0.300000000000000	0	1	1	0	0
257	0	0	1	1.20000000000000	0.400000000000000	0	1	1	0	0
258	0	0	1	1.20000000000000	0.500000000000000	0	1	1	0	0
259	0	0	1	1.20000000000000	0.600000000000000	0	1	1	0	0
260	0	0	1	1.20000000000000	0.700000000000000	0	1	1	0	0
261	0	0	1	1.20000000000000	0.800000000000000	0	1	1	0	0
262	0	0	1	1.20000000000000	0.900000000000000	0	1	1	0	0
263	0	0	1	1.20000000000000	1	0	1	1	0	0
264	0	0	1	1.20000000000000	1.10000000000000	0	1	1	0	0
265	0	0	1	1.20000000000000	1.20000000000000	0	1	1	0	0
266	0	0	1	1.20000000000000	1.30000000000000	0	1	1	0	0
267	0	0	1	1.20000000000000	1.40000000000000	0	1	1	0	0
268	0	0	1	1.20000000000000	1.50000000000000	0	1	1	0	0
269	0	0	1	1.20000000000000	1.60000000000000	0	1	1	0	0
270	0	0	1	1.20000000000000	1.70000000000000	0	1	1	0	0
271	0	0	1	1.20000000000000	1.80000000000000	0	1	1	0	0
272	0	0	1	1.20000000000000	1.90000000000000	0	6	6	0	0
273	0	0	1	1.20000000000000	2	0	6	6	0	0
274	0	0	1	1.30000000000000	0	0	6	6	0	0
275	0	0	1	1.30000000000000	0.100000000000000	0	6	6	0	0
276	0	0	1	1.30000000000000	0.200000000000000	0	1	1	0	0
277	0	0	1	1.30000000000000	0.300000000000000	0	1	1	0	0
278	0	0	1	1.30000000000000	0.400000000000000	0	1	1	0	0
279	0	0	1	1.30000000000000	0.500000000000000	0	1	1	0	0
280	0	0	1	1.30000000000000	0.600000000000000	0	1	1	0	0
281	0	0	1	1.30000000000000	0.700000000000000	0	1	1	0	0
282	0	0	1	1.30000000000000	0.800000000000000	0	1	1	0	0
283	0	0	1	1.30000000000000	0.900000000000000	0	1	1	0	0
284	0	0	1	1.30000000000000	1	0	1	1	0	0
285	0	0	1	1.30000000000000	1.10000000000000	0	1	1	0	0
286	0	0	1	1.30000000000000	1.20000000000000	0	1	1	0	0
287	0	0	1	1.30000000000000	1.30000000000000	0	1	1	0	0
288	0	0	1	1.30000000000000	1.40000000000000	0	1	1	0	0
289	0	0	1	1.30000000000000	1.50000000000000	0	1	1	0	0
290	0	0	1	1.30000000000000	1.60000000000000	0	1	1	0	0
291	0	0	1	1.30000000000000	1.70000000000000	0	1	1	0	0
292	0	0	1	1.30000000000000	1.80000000000000	0	1	1	0	0
293	0	0	1	1.30000000000000	1.90000000000000	0	6	6	0	0
294	0	0	1	1.30000000000000	2	0	6	6	0	0
295	0	0	1	1.40000000000000	0	0	6	6	0	0
296	0	0	1	1.40000000000000	0.100000000000000	0	6	6	0	0
297	0	0	1	1.40000000000000	0.200000000000000	0	1	1	0	0
298	0	0	1	1.40000000000000	0.300000000000000	0	1	1	0	0
299	0	0	1	1.40000000000000	0.400000000000000	0	1	1	0	0
300	0	0	1	1.40000000000000	0.500000000000000	0	1	1	0	0
301	0	0	1	1.40000000000000	0.600000000000000	0	1	1	0	0
302	0	0	1	1.40000000000000	0.700000000000000	0	1	1	0	0
303	0	0	1	1.40000000000000	0.800000000000000	0	1	1	0	0
304	0	0	1	1.40000000000000	0.900000000000000	0	1	1	0	0
305	0	0	1	1.40000000000000	1	0	1	1	0	0
306	0	0	1	1.40000000000000	1.10000000000000	0	1	1	0	0
307	0	0	1	1.40000000000000	1.20000000000000	0	1	1	0	0
308	0	0	1	1.40000000000000	1.30000000000000	0	1	1	0	0
309	0	0	1	1.40000000000000	1.40000000000000	0	1	1	0	0
310	0	0	1	1.40000000000000	1.50000000000000	0	1	1	0	0
311	0	0	1	1.40000000000000	1.60000000000000	0	1	1	0	0
312	0	0	1	1.40000000000000	1.70000000000000	0	1	1	0	0
313	0	0	1	1.40000000000000	1.80000000000000	0	1	1	0	0
314	0	0	1	1.40000000000000	1.90000000000000	0	6	6	0	0
315	0	0	1	1.40000000000000	2	0	6	6	0	0
316	0	0	1	1.50000000000000	0	0	6	6	0	0
317	0	0	1	1.50000000000000	0.100000000000000	0	6	6	0	0
318	0	0	1	1.50000000000000	0.200000000000000	0	1	1	0	0
319	0	0	1	1.50000000000000	0.300000000000000	0	1	1	0	0
320	0	0	1	1.50000000000000	0.400000000000000	0	1	1	0	0
321	0	0	1	1.50000000000000	0.500000000000000	0	1	1	0	0
322	0	0	1	1.50000000000000	0.600000000000000	0	1	1	0	0
323	0	0	1	1.50000000000000	0.700000000000000	0	1	1	0	0
324	0	0	1	1.50000000000000	0.800000000000000	0	1	1	0	0
325	0	0	1	1.50000000000000	0.900000000000000	0	1	1	0	0
326	0	0	1	1.50000000000000	1	0	1	1	0	0
327	0	0	1	1.50000000000000	1.10000000000000	0	1	1	0	0
328	0	0	1	1.50000000000000	1.20000000000000	0	1	1	0	0
329	0	0	1	1.50000000000000	1.30000000000000	0	1	1	0	0
330	0	0	1	1.50000000000000	1.40000000000000	0	1	1	0	0
331	0	0	1	1.50000000000000	1.50000000000000	0	1	1	0	0
332	0	0	1	1.50000000000000	1.60000000000000	0	1	1	0	0
333	0	0	1	1.50000000000000	1.70000000000000	0	1	1	0	0
334	0	0	1	1.50000000000000	1.80000000000000	0	1	1	0	0
335	0	0	1	1.50000000000000	1.90000000000000	0	6	6	0	0
336	0	0	1	1.50000000000000	2	0	6	6	0	0
337	0	0	1	1.60000000000000	0	0	6	6	0	0
338	0	0	1	1.60000000000000	0.100000000000000	0	6	6	0	0
339	0	0	1	1.60000000000000	0.200000000000000	0	1	1	0	0
340	0	0	1	1.60000000000000	0.300000000000000	0	1	1	0	0
341	0	0	1	1.60000000000000	0.400000000000000	0	1	1	0	0
342	0	0	1	1.60000000000000	0.500000000000000	0	1	1	0	0
343	0	0	1	1.60000000000000	0.600000000000000	0	1	1	0	0
344	0	0	1	1.60000000000000	0.700000000000000	0	1	1	0	0
345	0	0	1	1.60000000000000	0.800000000000000	0	1	1	0	0
346	0	0	1	1.60000000000000	0.900000000000000	0	1	1	0	0
347	0	0	1	1.60000000000000	1	0	1	1	0	0
348	0	0	1	1.60000000000000	1.10000000000000	0	1	1	0	0
349	0	0	1	1.60000000000000	1.20000000000000	0	1	1	0	0
350	0	0	1	1.60000000000000	1.30000000000000	0	1	1	0	0
351	0	0	1	1.60000000000000	1.40000000000000	0	1	1	0	0
352	0	0	1	1.60000000000000	1.50000000000000	0	1	1	0	0
353	0	0	1	1.60000000000000	1.60000000000000	0	1	1	0	0
354	0	0	1	1.60000000000000	1.70000000000000	0	1	1	0	0
355	0	0	1	1.60000000000000	1.80000000000000	0	1	1	0	0
356	0	0	1	1.60000000000000	1.90000000000000	0	6	6	0	0
357	0	0	1	1.60000000000000	2	0	6	6	0	0
358	0	0	1	1.70000000000000	0	0	6	6	0	0
359	0	0	1	1.70000000000000	0.100000000000000	0	6	6	0	0
360	0	0	1	1.70000000000000	0.200000000000000	0	1	1	0	0
361	0	0	1	1.70000000000000	0.300000000000000	0	1	1	0	0
362	0	0	1	1.70000000000000	0.400000000000000	0	1	1	0	0
363	0	0	1	1.70000000000000	0.500000000000000	0	1	1	0	0
364	0	0	1	1.70000000000000	0.600000000000000	0	1	1	0	0
365	0	0	1	1.70000000000000	0.700000000000000	0	1	1	0	0
366	0	0	1	1.70000000000000	0.800000000000000	0	1	1	0	0
367	0	0	1	1.70000000000000	0.900000000000000	0	1	1	0	0
368	0	0	1	1.70000000000000	1	0	1	1	0	0
369	0	0	1	1.70000000000000	1.10000000000000	0	1	1	0	0
370	0	0	1	1.70000000000000	1.20000000000000	0	1	1	0	0
371	0	0	1	1.70000000000000	1.30000000000000	0	1	1	0	0
372	0	0	1	1.70000000000000	1.40000000000000	0	1	1	0	0
373	0	0	1	1.70000000000000	1.50000000000000	0	1	1	0	0
374	0	0	1	1.70000000000000	1.60000000000000	0	1	1	0	0
375	0	0	1	1.70000000000000	1.70000000000000	0	1	1	0	0
376	0	0	1	1.70000000000000	1.80000000000000	0	1	1	0	0
377	0	0	1	1.70000000000000	1.90000000000000	0	6	6	0	0
378	0	0	1	1.70000000000000	2	0	6	6	0	0
379	0	0	1	1.80000000000000	0	0	6	6	0	0
380	0	0	1	1.80000000000000	0.100000000000000	0	6	6	0	0
381	0	0	1	1.80000000000000	0.200000000000000	0	1	1	0	0
382	0	0	1	1.80000000000000	0.300000000000000	0	1	1	0	0
383	0	0	1	1.80000000000000	0.400000000000000	0	1	1	0	0
384	0	0	1	1.80000000000000	0.500000000000000	0	1	1	0	0
385	0	0	1	1.80000000000000	0.600000000000000	0	1	1	0	0
386	0	0	1	1.80000000000000	0.700000000000000	0	1	1	0	0
387	0	0	1	1.80000000000000	0.800000000000000	0	1	1	0	0
388	0	0	1	1.80000000000000	0.900000000000000	0	1	1	0	0
389	0	0	1	1.80000000000000	1	0	1	1	0	0
390	0	0	1	1.80000000000000	1.10000000000000	0	1	1	0	0
391	0	0	1	1.80000000000000	1.20000000000000	0	1	1	0	0
392	0	0	1	1.80000000000000	1.30000000000000	0	1	1	0	0
393	0	0	1	1.80000000000000	1.40000000000000	0	1	1	0	0
394	0	0	1	1.80000000000000	1.50000000000000	0	1	1	0	0
395	0	0	1	1.80000000000000	1.60000000000000	0	1	1	0	0
396	0	0	1	1.80000000000000	1.70000000000000	0	1	1	0	0
397	0	0	1	1.80000000000000	1.80000000000000	0	1	1	0	0
398	0	0	1	1.80000000000000	1.90000000000000	0	6	6	0	0
399	0	0	1	1.80000000000000	2	0	6	6	0	0
400	0	0	1	1.90000000000000	0	0	6	6	0	0
401	0	0	1	1.90000000000000	0.100000000000000	0	6	6	0	0
402	0	0	1	1.90000000000000	0.200000000000000	0	6	6	0	0
403	0	0	1	1.90000000000000	0.300000000000000	0	6	6	0	0
404	0	0	1	1.90000000000000	0.400000000000000	0	6	6	0	0
405	0	0	1	1.90000000000000	0.500000000000000	0	6	6	0	0
406	0	0	1	1.90000000000000	0.600000000000000	0	6	6	0	0
407	0	0	1	1.90000000000000	0.700000000000000	0	6	6	0	0
408	0	0	1	1.90000000000000	0.800000000000000	0	6	6	0	0
409	0	0	1	1.90000000000000	0.900000000000000	0	6	6	0	0
410	0	0	1	1.90000000000000	1	0	6	6	0	0
411	0	0	1	1.90000000000000	1.10000000000000	0	6	6	0	0
412	0	0	1	1.90000000000000	1.20000000000000	0	6	6	0	0
413	0	0	1	1.90000000000000	1.30000000000000	0	6	6	0	0
414	0	0	1	1.90000000000000	1.40000000000000	0	6	6	0	0
415	0	0	1	1.90000000000000	1.50000000000000	0	6	6	0	0
416	0	0	1	1.90000000000000	1.60000000000000	0	6	6	0	0
417	0	0	1	1.90000000000000	1.70000000000000	0	6	6	0	0
418	0	0	1	1.90000000000000	1.80000000000000	0	6	6	0	0
419	0	0	1	1.90000000000000	1.90000000000000	0	6	6	0	0
420	0	0	1	1.90000000000000	2	0	6	6	0	0
421	0	0	1	2	0	0	6	6	0	0
422	0	0	1	2	0.100000000000000	0	6	6	0	0
423	0	0	1	2	0.200000000000000	0	6	6	0	0
424	0	0	1	2	0.300000000000000	0	6	6	0	0
425	0	0	1	2	0.400000000000000	0	6	6	0	0
426	0	0	1	2	0.500000000000000	0	6	6	0	0
427	0	0	1	2	0.600000000000000	0	6	6	0	0
428	0	0	1	2	0.700000000000000	0	6	6	0	0
429	0	0	1	2	0.800000000000000	0	6	6	0	0
430	0	0	1	2	0.900000000000000	0	6	6	0	0
431	0	0	1	2	1	0	6	6	0	0
432	0	0	1	2	1.10000000000000	0	6	6	0	0
433	0	0	1	2	1.20000000000000	0	6	6	0	0
434	0	0	1	2	1.30000000000000	0	6	6	0	0
435	0	0	1	2	1.40000000000000	0	6	6	0	0
436	0	0	1	2	1.50000000000000	0	6	6	0	0
437	0	0	1	2	1.60000000000000	0	6	6	0	0
438	0	0	1	2	1.70000000000000	0	6	6	0	0
439	0	0	1	2	1.80000000000000	0	6	6	0	0
440	0	0	1	2	1.90000000000000	0	6	6	0	0
441	0	0	1	2	2	0	6	6	0	0
0	0	0	0	0	0	0	0	0	0	0
 	\MATERIAL !SET    E    PR   DENSITY  THIC
	            1   100   0.3     1560    1
		    0     0     0        0    0
!	\LOAD  !N IDIRN FLOAD  NFUNC
        \ELEMENT
	\OFE1_QUADS
	 ITYPE: 1 MTYPE: 1 NUMOFE: 152 NUMELE: 216  NGDOF: 5 NWEI: 1 NUMCPL: 68
	\END    !N  NODE  IND(2,N) RAD(2,N)  KN 
1	1	1	1	0.100000000000000	0.100000000000000	0
2	2	1	1	0.100000000000000	0.100000000000000	0
3	3	1	1	0.100000000000000	0.100000000000000	0
4	4	1	1	0.100000000000000	0.100000000000000	0
5	5	1	1	0.100000000000000	0.100000000000000	0
6	6	1	1	0.100000000000000	0.100000000000000	0
7	7	1	1	0.100000000000000	0.100000000000000	0
8	8	1	1	0.100000000000000	0.100000000000000	0
9	9	1	1	0.100000000000000	0.100000000000000	0
10	10	1	1	0.100000000000000	0.100000000000000	0
11	11	1	1	0.100000000000000	0.100000000000000	0
12	12	1	1	0.100000000000000	0.100000000000000	0
13	13	1	1	0.100000000000000	0.100000000000000	0
14	14	1	1	0.100000000000000	0.100000000000000	0
15	15	1	1	0.100000000000000	0.100000000000000	0
16	16	1	1	0.100000000000000	0.100000000000000	0
17	17	1	1	0.100000000000000	0.100000000000000	0
18	18	1	1	0.100000000000000	0.100000000000000	0
19	19	1	1	0.100000000000000	0.100000000000000	0
20	20	1	1	0.100000000000000	0.100000000000000	0
21	21	1	1	0.100000000000000	0.100000000000000	0
22	22	0	0	0.100000000000000	0.100000000000000	0
23	23	0	0	0.100000000000000	0.100000000000000	0
24	24	0	0	0.100000000000000	0.100000000000000	0
25	25	0	0	0.100000000000000	0.100000000000000	0
26	26	0	0	0.100000000000000	0.100000000000000	0
27	27	0	0	0.100000000000000	0.100000000000000	0
28	28	0	0	0.100000000000000	0.100000000000000	0
29	29	0	0	0.100000000000000	0.100000000000000	0
30	30	0	0	0.100000000000000	0.100000000000000	0
31	31	0	0	0.100000000000000	0.100000000000000	0
32	32	0	0	0.100000000000000	0.100000000000000	0
33	33	0	0	0.100000000000000	0.100000000000000	0
34	34	0	0	0.100000000000000	0.100000000000000	0
35	35	0	0	0.100000000000000	0.100000000000000	0
36	36	0	0	0.100000000000000	0.100000000000000	0
37	37	0	0	0.100000000000000	0.100000000000000	0
38	38	0	0	0.100000000000000	0.100000000000000	0
39	39	0	0	0.100000000000000	0.100000000000000	0
40	40	0	0	0.100000000000000	0.100000000000000	0
41	41	0	0	0.100000000000000	0.100000000000000	0
42	42	0	0	0.100000000000000	0.100000000000000	0
43	43	0	0	0.100000000000000	0.100000000000000	0
44	44	0	0	0.100000000000000	0.100000000000000	0
45	45	0	0	0.100000000000000	0.100000000000000	0
46	46	0	0	0.100000000000000	0.100000000000000	0
47	47	0	0	0.100000000000000	0.100000000000000	0
48	48	0	0	0.100000000000000	0.100000000000000	0
49	49	0	0	0.100000000000000	0.100000000000000	0
50	50	0	0	0.100000000000000	0.100000000000000	0
51	51	0	0	0.100000000000000	0.100000000000000	0
52	52	0	0	0.100000000000000	0.100000000000000	0
53	53	0	0	0.100000000000000	0.100000000000000	0
54	54	0	0	0.100000000000000	0.100000000000000	0
55	55	0	0	0.100000000000000	0.100000000000000	0
56	56	0	0	0.100000000000000	0.100000000000000	0
57	57	0	0	0.100000000000000	0.100000000000000	0
58	58	0	0	0.100000000000000	0.100000000000000	0
59	59	0	0	0.100000000000000	0.100000000000000	0
60	60	0	0	0.100000000000000	0.100000000000000	0
61	61	0	0	0.100000000000000	0.100000000000000	0
62	62	0	0	0.100000000000000	0.100000000000000	0
63	63	0	0	0.100000000000000	0.100000000000000	0
64	64	0	0	0.100000000000000	0.100000000000000	0
65	65	0	0	0.100000000000000	0.100000000000000	0
66	66	0	0	0.100000000000000	0.100000000000000	0
67	82	0	0	0.100000000000000	0.100000000000000	0
68	83	0	0	0.100000000000000	0.100000000000000	0
69	84	0	0	0.100000000000000	0.100000000000000	0
70	85	0	0	0.100000000000000	0.100000000000000	0
71	86	0	0	0.100000000000000	0.100000000000000	0
72	87	0	0	0.100000000000000	0.100000000000000	0
73	103	0	0	0.100000000000000	0.100000000000000	0
74	104	0	0	0.100000000000000	0.100000000000000	0
75	105	0	0	0.100000000000000	0.100000000000000	0
76	106	0	0	0.100000000000000	0.100000000000000	0
77	107	0	0	0.100000000000000	0.100000000000000	0
78	108	0	0	0.100000000000000	0.100000000000000	0
79	124	0	0	0.100000000000000	0.100000000000000	0
80	125	0	0	0.100000000000000	0.100000000000000	0
81	126	0	0	0.100000000000000	0.100000000000000	0
82	127	0	0	0.100000000000000	0.100000000000000	0
83	128	0	0	0.100000000000000	0.100000000000000	0
84	129	0	0	0.100000000000000	0.100000000000000	0
85	145	0	0	0.100000000000000	0.100000000000000	0
86	146	0	0	0.100000000000000	0.100000000000000	0
87	147	0	0	0.100000000000000	0.100000000000000	0
88	148	0	0	0.100000000000000	0.100000000000000	0
89	149	0	0	0.100000000000000	0.100000000000000	0
90	150	0	0	0.100000000000000	0.100000000000000	0
91	166	0	0	0.100000000000000	0.100000000000000	0
92	167	0	0	0.100000000000000	0.100000000000000	0
93	168	0	0	0.100000000000000	0.100000000000000	0
94	169	0	0	0.100000000000000	0.100000000000000	0
95	170	0	0	0.100000000000000	0.100000000000000	0
96	171	0	0	0.100000000000000	0.100000000000000	0
97	187	0	0	0.100000000000000	0.100000000000000	0
98	188	0	0	0.100000000000000	0.100000000000000	0
99	189	0	0	0.100000000000000	0.100000000000000	0
100	190	0	0	0.100000000000000	0.100000000000000	0
101	191	0	0	0.100000000000000	0.100000000000000	0
102	192	0	0	0.100000000000000	0.100000000000000	0
103	208	0	0	0.100000000000000	0.100000000000000	0
104	209	0	0	0.100000000000000	0.100000000000000	0
105	210	0	0	0.100000000000000	0.100000000000000	0
106	211	0	0	0.100000000000000	0.100000000000000	0
107	212	0	0	0.100000000000000	0.100000000000000	0
108	213	0	0	0.100000000000000	0.100000000000000	0
109	229	0	0	0.100000000000000	0.100000000000000	0
110	230	0	0	0.100000000000000	0.100000000000000	0
111	231	0	0	0.100000000000000	0.100000000000000	0
112	232	0	0	0.100000000000000	0.100000000000000	0
113	233	0	0	0.100000000000000	0.100000000000000	0
114	234	0	0	0.100000000000000	0.100000000000000	0
115	250	0	0	0.100000000000000	0.100000000000000	0
116	251	0	0	0.100000000000000	0.100000000000000	0
117	252	0	0	0.100000000000000	0.100000000000000	0
118	253	0	0	0.100000000000000	0.100000000000000	0
119	254	0	0	0.100000000000000	0.100000000000000	0
120	255	0	0	0.100000000000000	0.100000000000000	0
121	271	0	0	0.100000000000000	0.100000000000000	0
122	272	0	0	0.100000000000000	0.100000000000000	0
123	273	0	0	0.100000000000000	0.100000000000000	0
124	274	0	0	0.100000000000000	0.100000000000000	0
125	275	0	0	0.100000000000000	0.100000000000000	0
126	276	0	0	0.100000000000000	0.100000000000000	0
127	292	0	0	0.100000000000000	0.100000000000000	0
128	293	0	0	0.100000000000000	0.100000000000000	0
129	294	0	0	0.100000000000000	0.100000000000000	0
130	295	0	0	0.100000000000000	0.100000000000000	0
131	296	0	0	0.100000000000000	0.100000000000000	0
132	297	0	0	0.100000000000000	0.100000000000000	0
133	313	0	0	0.100000000000000	0.100000000000000	0
134	314	0	0	0.100000000000000	0.100000000000000	0
135	315	0	0	0.100000000000000	0.100000000000000	0
136	316	0	0	0.100000000000000	0.100000000000000	0
137	317	0	0	0.100000000000000	0.100000000000000	0
138	318	0	0	0.100000000000000	0.100000000000000	0
139	334	0	0	0.100000000000000	0.100000000000000	0
140	335	0	0	0.100000000000000	0.100000000000000	0
141	336	0	0	0.100000000000000	0.100000000000000	0
142	337	0	0	0.100000000000000	0.100000000000000	0
143	338	0	0	0.100000000000000	0.100000000000000	0
144	339	0	0	0.100000000000000	0.100000000000000	0
145	355	0	0	0.100000000000000	0.100000000000000	0
146	356	0	0	0.100000000000000	0.100000000000000	0
147	357	0	0	0.100000000000000	0.100000000000000	0
148	358	0	0	0.100000000000000	0.100000000000000	0
149	359	0	0	0.100000000000000	0.100000000000000	0
150	360	0	0	0.100000000000000	0.100000000000000	0
151	376	0	0	0.100000000000000	0.100000000000000	0
152	377	0	0	0.100000000000000	0.100000000000000	0
153	378	0	0	0.100000000000000	0.100000000000000	0
154	379	0	0	0.100000000000000	0.100000000000000	0
155	380	0	0	0.100000000000000	0.100000000000000	0
156	381	0	0	0.100000000000000	0.100000000000000	0
157	382	0	0	0.100000000000000	0.100000000000000	0
158	383	0	0	0.100000000000000	0.100000000000000	0
159	384	0	0	0.100000000000000	0.100000000000000	0
160	385	0	0	0.100000000000000	0.100000000000000	0
161	386	0	0	0.100000000000000	0.100000000000000	0
162	387	0	0	0.100000000000000	0.100000000000000	0
163	388	0	0	0.100000000000000	0.100000000000000	0
164	389	0	0	0.100000000000000	0.100000000000000	0
165	390	0	0	0.100000000000000	0.100000000000000	0
166	391	0	0	0.100000000000000	0.100000000000000	0
167	392	0	0	0.100000000000000	0.100000000000000	0
168	393	0	0	0.100000000000000	0.100000000000000	0
169	394	0	0	0.100000000000000	0.100000000000000	0
170	395	0	0	0.100000000000000	0.100000000000000	0
171	396	0	0	0.100000000000000	0.100000000000000	0
172	397	0	0	0.100000000000000	0.100000000000000	0
173	398	0	0	0.100000000000000	0.100000000000000	0
174	399	0	0	0.100000000000000	0.100000000000000	0
175	400	0	0	0.100000000000000	0.100000000000000	0
176	401	0	0	0.100000000000000	0.100000000000000	0
177	402	0	0	0.100000000000000	0.100000000000000	0
178	403	0	0	0.100000000000000	0.100000000000000	0
179	404	0	0	0.100000000000000	0.100000000000000	0
180	405	0	0	0.100000000000000	0.100000000000000	0
181	406	0	0	0.100000000000000	0.100000000000000	0
182	407	0	0	0.100000000000000	0.100000000000000	0
183	408	0	0	0.100000000000000	0.100000000000000	0
184	409	0	0	0.100000000000000	0.100000000000000	0
185	410	0	0	0.100000000000000	0.100000000000000	0
186	411	0	0	0.100000000000000	0.100000000000000	0
187	412	0	0	0.100000000000000	0.100000000000000	0
188	413	0	0	0.100000000000000	0.100000000000000	0
189	414	0	0	0.100000000000000	0.100000000000000	0
190	415	0	0	0.100000000000000	0.100000000000000	0
191	416	0	0	0.100000000000000	0.100000000000000	0
192	417	0	0	0.100000000000000	0.100000000000000	0
193	418	0	0	0.100000000000000	0.100000000000000	0
194	419	0	0	0.100000000000000	0.100000000000000	0
195	420	0	0	0.100000000000000	0.100000000000000	0
196	421	0	0	0.100000000000000	0.100000000000000	0
197	422	0	0	0.100000000000000	0.100000000000000	0
198	423	0	0	0.100000000000000	0.100000000000000	0
199	424	0	0	0.100000000000000	0.100000000000000	0
200	425	0	0	0.100000000000000	0.100000000000000	0
201	426	0	0	0.100000000000000	0.100000000000000	0
202	427	0	0	0.100000000000000	0.100000000000000	0
203	428	0	0	0.100000000000000	0.100000000000000	0
204	429	0	0	0.100000000000000	0.100000000000000	0
205	430	0	0	0.100000000000000	0.100000000000000	0
206	431	0	0	0.100000000000000	0.100000000000000	0
207	432	0	0	0.100000000000000	0.100000000000000	0
208	433	0	0	0.100000000000000	0.100000000000000	0
209	434	0	0	0.100000000000000	0.100000000000000	0
210	435	0	0	0.100000000000000	0.100000000000000	0
211	436	0	0	0.100000000000000	0.100000000000000	0
212	437	0	0	0.100000000000000	0.100000000000000	0
213	438	0	0	0.100000000000000	0.100000000000000	0
214	439	0	0	0.100000000000000	0.100000000000000	0
215	440	0	0	0.100000000000000	0.100000000000000	0
216	441	0	0	0.100000000000000	0.100000000000000	0
0        0      0       0       0                       0                       0
 	       !N   ELE1  ELE2  ELE3    KN
1	1	22	23	0
2	1	23	2	0
3	2	23	24	0
4	2	24	3	0
5	3	24	25	0
6	3	25	4	0
7	4	25	26	0
8	4	26	5	0
9	5	26	27	0
10	5	27	6	0
11	6	27	28	0
12	6	28	7	0
13	7	28	29	0
14	7	29	8	0
15	8	29	30	0
16	8	30	9	0
17	9	30	31	0
18	9	31	10	0
19	10	31	32	0
20	10	32	11	0
21	11	32	33	0
22	11	33	12	0
23	12	33	34	0
24	12	34	13	0
25	13	34	35	0
26	13	35	14	0
27	14	35	36	0
28	14	36	15	0
29	15	36	37	0
30	15	37	16	0
31	16	37	38	0
32	16	38	17	0
33	17	38	39	0
34	17	39	18	0
35	18	39	40	0
36	18	40	19	0
37	19	40	41	0
38	19	41	20	0
39	20	41	42	0
40	20	42	21	0
41	22	43	44	0
42	22	44	23	0
43	41	62	63	0
44	41	63	42	0
45	43	64	65	0
46	43	65	44	0
47	62	68	69	0
48	62	69	63	0
49	64	70	71	0
50	64	71	65	0
51	68	74	75	0
52	68	75	69	0
53	70	76	77	0
54	70	77	71	0
55	74	80	81	0
56	74	81	75	0
57	76	82	83	0
58	76	83	77	0
59	80	86	87	0
60	80	87	81	0
61	82	88	89	0
62	82	89	83	0
63	86	92	93	0
64	86	93	87	0
65	88	94	95	0
66	88	95	89	0
67	92	98	99	0
68	92	99	93	0
69	94	100	101	0
70	94	101	95	0
71	98	104	105	0
72	98	105	99	0
73	100	106	107	0
74	100	107	101	0
75	104	110	111	0
76	104	111	105	0
77	106	112	113	0
78	106	113	107	0
79	110	116	117	0
80	110	117	111	0
81	112	118	119	0
82	112	119	113	0
83	116	122	123	0
84	116	123	117	0
85	118	124	125	0
86	118	125	119	0
87	122	128	129	0
88	122	129	123	0
89	124	130	131	0
90	124	131	125	0
91	128	134	135	0
92	128	135	129	0
93	130	136	137	0
94	130	137	131	0
95	134	140	141	0
96	134	141	135	0
97	136	142	143	0
98	136	143	137	0
99	140	146	147	0
100	140	147	141	0
101	142	148	149	0
102	142	149	143	0
103	146	152	153	0
104	146	153	147	0
105	148	154	155	0
106	148	155	149	0
107	152	173	174	0
108	152	174	153	0
109	154	175	176	0
110	154	176	155	0
111	173	194	195	0
112	173	195	174	0
113	175	196	197	0
114	175	197	176	0
115	176	197	198	0
116	176	198	177	0
117	177	198	199	0
118	177	199	178	0
119	178	199	200	0
120	178	200	179	0
121	179	200	201	0
122	179	201	180	0
123	180	201	202	0
124	180	202	181	0
125	181	202	203	0
126	181	203	182	0
127	182	203	204	0
128	182	204	183	0
129	183	204	205	0
130	183	205	184	0
131	184	205	206	0
132	184	206	185	0
133	185	206	207	0
134	185	207	186	0
135	186	207	208	0
136	186	208	187	0
137	187	208	209	0
138	187	209	188	0
139	188	209	210	0
140	188	210	189	0
141	189	210	211	0
142	189	211	190	0
143	190	211	212	0
144	190	212	191	0
145	191	212	213	0
146	191	213	192	0
147	192	213	214	0
148	192	214	193	0
149	193	214	215	0
150	193	215	194	0
151	194	215	216	0
152	194	216	195	0
0        0       0       0      0
 	       !N   ELE1  ELE2  ELE3  ELE4   KN
1	23	44	45	24	0
2	24	45	46	25	0
3	25	46	47	26	0
4	26	47	48	27	0
5	27	48	49	28	0
6	28	49	50	29	0
7	29	50	51	30	0
8	30	51	52	31	0
9	31	52	53	32	0
10	32	53	54	33	0
11	33	54	55	34	0
12	34	55	56	35	0
13	35	56	57	36	0
14	36	57	58	37	0
15	37	58	59	38	0
16	38	59	60	39	0
17	39	60	61	40	0
18	40	61	62	41	0
19	44	65	66	45	0
20	61	67	68	62	0
21	65	71	72	66	0
22	67	73	74	68	0
23	71	77	78	72	0
24	73	79	80	74	0
25	77	83	84	78	0
26	79	85	86	80	0
27	83	89	90	84	0
28	85	91	92	86	0
29	89	95	96	90	0
30	91	97	98	92	0
31	95	101	102	96	0
32	97	103	104	98	0
33	101	107	108	102	0
34	103	109	110	104	0
35	107	113	114	108	0
36	109	115	116	110	0
37	113	119	120	114	0
38	115	121	122	116	0
39	119	125	126	120	0
40	121	127	128	122	0
41	125	131	132	126	0
42	127	133	134	128	0
43	131	137	138	132	0
44	133	139	140	134	0
45	137	143	144	138	0
46	139	145	146	140	0
47	143	149	150	144	0
48	145	151	152	146	0
49	149	155	156	150	0
50	151	172	173	152	0
51	155	176	177	156	0
52	156	177	178	157	0
53	157	178	179	158	0
54	158	179	180	159	0
55	159	180	181	160	0
56	160	181	182	161	0
57	161	182	183	162	0
58	162	183	184	163	0
59	163	184	185	164	0
60	164	185	186	165	0
61	165	186	187	166	0
62	166	187	188	167	0
63	167	188	189	168	0
64	168	189	190	169	0
65	169	190	191	170	0
66	170	191	192	171	0
67	171	192	193	172	0
68	172	193	194	173	0
0        0       0       0       0      0
 \QUADS 
         ITYPE: 1 MTYPE: 1  NUMELE: 256  NINTG: 2 
	\END    !N NODE1  NODE2  NODE3  NODE4 THIC
1	45	66	67	46	1
2	46	67	68	47	1
3	47	68	69	48	1
4	48	69	70	49	1
5	49	70	71	50	1
6	50	71	72	51	1
7	51	72	73	52	1
8	52	73	74	53	1
9	53	74	75	54	1
10	54	75	76	55	1
11	55	76	77	56	1
12	56	77	78	57	1
13	57	78	79	58	1
14	58	79	80	59	1
15	59	80	81	60	1
16	60	81	82	61	1
17	66	87	88	67	1
18	67	88	89	68	1
19	68	89	90	69	1
20	69	90	91	70	1
21	70	91	92	71	1
22	71	92	93	72	1
23	72	93	94	73	1
24	73	94	95	74	1
25	74	95	96	75	1
26	75	96	97	76	1
27	76	97	98	77	1
28	77	98	99	78	1
29	78	99	100	79	1
30	79	100	101	80	1
31	80	101	102	81	1
32	81	102	103	82	1
33	87	108	109	88	1
34	88	109	110	89	1
35	89	110	111	90	1
36	90	111	112	91	1
37	91	112	113	92	1
38	92	113	114	93	1
39	93	114	115	94	1
40	94	115	116	95	1
41	95	116	117	96	1
42	96	117	118	97	1
43	97	118	119	98	1
44	98	119	120	99	1
45	99	120	121	100	1
46	100	121	122	101	1
47	101	122	123	102	1
48	102	123	124	103	1
49	108	129	130	109	1
50	109	130	131	110	1
51	110	131	132	111	1
52	111	132	133	112	1
53	112	133	134	113	1
54	113	134	135	114	1
55	114	135	136	115	1
56	115	136	137	116	1
57	116	137	138	117	1
58	117	138	139	118	1
59	118	139	140	119	1
60	119	140	141	120	1
61	120	141	142	121	1
62	121	142	143	122	1
63	122	143	144	123	1
64	123	144	145	124	1
65	129	150	151	130	1
66	130	151	152	131	1
67	131	152	153	132	1
68	132	153	154	133	1
69	133	154	155	134	1
70	134	155	156	135	1
71	135	156	157	136	1
72	136	157	158	137	1
73	137	158	159	138	1
74	138	159	160	139	1
75	139	160	161	140	1
76	140	161	162	141	1
77	141	162	163	142	1
78	142	163	164	143	1
79	143	164	165	144	1
80	144	165	166	145	1
81	150	171	172	151	1
82	151	172	173	152	1
83	152	173	174	153	1
84	153	174	175	154	1
85	154	175	176	155	1
86	155	176	177	156	1
87	156	177	178	157	1
88	157	178	179	158	1
89	158	179	180	159	1
90	159	180	181	160	1
91	160	181	182	161	1
92	161	182	183	162	1
93	162	183	184	163	1
94	163	184	185	164	1
95	164	185	186	165	1
96	165	186	187	166	1
97	171	192	193	172	1
98	172	193	194	173	1
99	173	194	195	174	1
100	174	195	196	175	1
101	175	196	197	176	1
102	176	197	198	177	1
103	177	198	199	178	1
104	178	199	200	179	1
105	179	200	201	180	1
106	180	201	202	181	1
107	181	202	203	182	1
108	182	203	204	183	1
109	183	204	205	184	1
110	184	205	206	185	1
111	185	206	207	186	1
112	186	207	208	187	1
113	192	213	214	193	1
114	193	214	215	194	1
115	194	215	216	195	1
116	195	216	217	196	1
117	196	217	218	197	1
118	197	218	219	198	1
119	198	219	220	199	1
120	199	220	221	200	1
121	200	221	222	201	1
122	201	222	223	202	1
123	202	223	224	203	1
124	203	224	225	204	1
125	204	225	226	205	1
126	205	226	227	206	1
127	206	227	228	207	1
128	207	228	229	208	1
129	213	234	235	214	1
130	214	235	236	215	1
131	215	236	237	216	1
132	216	237	238	217	1
133	217	238	239	218	1
134	218	239	240	219	1
135	219	240	241	220	1
136	220	241	242	221	1
137	221	242	243	222	1
138	222	243	244	223	1
139	223	244	245	224	1
140	224	245	246	225	1
141	225	246	247	226	1
142	226	247	248	227	1
143	227	248	249	228	1
144	228	249	250	229	1
145	234	255	256	235	1
146	235	256	257	236	1
147	236	257	258	237	1
148	237	258	259	238	1
149	238	259	260	239	1
150	239	260	261	240	1
151	240	261	262	241	1
152	241	262	263	242	1
153	242	263	264	243	1
154	243	264	265	244	1
155	244	265	266	245	1
156	245	266	267	246	1
157	246	267	268	247	1
158	247	268	269	248	1
159	248	269	270	249	1
160	249	270	271	250	1
161	255	276	277	256	1
162	256	277	278	257	1
163	257	278	279	258	1
164	258	279	280	259	1
165	259	280	281	260	1
166	260	281	282	261	1
167	261	282	283	262	1
168	262	283	284	263	1
169	263	284	285	264	1
170	264	285	286	265	1
171	265	286	287	266	1
172	266	287	288	267	1
173	267	288	289	268	1
174	268	289	290	269	1
175	269	290	291	270	1
176	270	291	292	271	1
177	276	297	298	277	1
178	277	298	299	278	1
179	278	299	300	279	1
180	279	300	301	280	1
181	280	301	302	281	1
182	281	302	303	282	1
183	282	303	304	283	1
184	283	304	305	284	1
185	284	305	306	285	1
186	285	306	307	286	1
187	286	307	308	287	1
188	287	308	309	288	1
189	288	309	310	289	1
190	289	310	311	290	1
191	290	311	312	291	1
192	291	312	313	292	1
193	297	318	319	298	1
194	298	319	320	299	1
195	299	320	321	300	1
196	300	321	322	301	1
197	301	322	323	302	1
198	302	323	324	303	1
199	303	324	325	304	1
200	304	325	326	305	1
201	305	326	327	306	1
202	306	327	328	307	1
203	307	328	329	308	1
204	308	329	330	309	1
205	309	330	331	310	1
206	310	331	332	311	1
207	311	332	333	312	1
208	312	333	334	313	1
209	318	339	340	319	1
210	319	340	341	320	1
211	320	341	342	321	1
212	321	342	343	322	1
213	322	343	344	323	1
214	323	344	345	324	1
215	324	345	346	325	1
216	325	346	347	326	1
217	326	347	348	327	1
218	327	348	349	328	1
219	328	349	350	329	1
220	329	350	351	330	1
221	330	351	352	331	1
222	331	352	353	332	1
223	332	353	354	333	1
224	333	354	355	334	1
225	339	360	361	340	1
226	340	361	362	341	1
227	341	362	363	342	1
228	342	363	364	343	1
229	343	364	365	344	1
230	344	365	366	345	1
231	345	366	367	346	1
232	346	367	368	347	1
233	347	368	369	348	1
234	348	369	370	349	1
235	349	370	371	350	1
236	350	371	372	351	1
237	351	372	373	352	1
238	352	373	374	353	1
239	353	374	375	354	1
240	354	375	376	355	1
241	360	381	382	361	1
242	361	382	383	362	1
243	362	383	384	363	1
244	363	384	385	364	1
245	364	385	386	365	1
246	365	386	387	366	1
247	366	387	388	367	1
248	367	388	389	368	1
249	368	389	390	369	1
250	369	390	391	370	1
251	370	391	392	371	1
252	371	392	393	372	1
253	372	393	394	373	1
254	373	394	395	374	1
255	374	395	396	375	1
256	375	396	397	376	1
0	0	0	0	0	0      
 \BOUNDARY
        \OFE1_LINE
         NUMBC: 40
        \END ! N  ELE1 ELE2  IND(2,N) FLOAD(2,N) FUNC(2,N)  KN
1	2	1	1	1	0	0	1	1	0
2	3	2	1	1	0	0	1	1	0
3	4	3	1	1	0	0	1	1	0
4	5	4	1	1	0	0	1	1	0
5	6	5	1	1	0	0	1	1	0
6	7	6	1	1	0	0	1	1	0
7	8	7	1	1	0	0	1	1	0
8	9	8	1	1	0	0	1	1	0
9	10	9	1	1	0	0	1	1	0
10	11	10	1	1	0	0	1	1	0
11	12	11	1	1	0	0	1	1	0
12	13	12	1	1	0	0	1	1	0
13	14	13	1	1	0	0	1	1	0
14	15	14	1	1	0	0	1	1	0
15	16	15	1	1	0	0	1	1	0
16	17	16	1	1	0	0	1	1	0
17	18	17	1	1	0	0	1	1	0
18	19	18	1	1	0	0	1	1	0
19	20	19	1	1	0	0	1	1	0
20	21	20	1	1	0	0	1	1	0
21	42	21	2	2	0	1	1	1	0
22	63	42	2	2	0	1	1	1	0
23	69	63	2	2	0	1	1	1	0
24	75	69	2	2	0	1	1	1	0
25	81	75	2	2	0	1	1	1	0
26	87	81	2	2	0	1	1	1	0
27	93	87	2	2	0	1	1	1	0
28	99	93	2	2	0	1	1	1	0
29	105	99	2	2	0	1	1	1	0
30	111	105	2	2	0	1	1	1	0
31	117	111	2	2	0	1	1	1	0
32	123	117	2	2	0	1	1	1	0
33	129	123	2	2	0	1	1	1	0
34	135	129	2	2	0	1	1	1	0
35	141	135	2	2	0	1	1	1	0
36	147	141	2	2	0	1	1	1	0
37	153	147	2	2	0	1	1	1	0
38	174	153	2	2	0	1	1	1	0
39	195	174	2	2	0	1	1	1	0
40	216	195	2	2	0	1	1	1	0
0	0	0	0	0	0	0	0	0	0
\END{INPUT}
!-----------------
  \GENERATE
!-----------------
  \STATIC_SOLVER
!-----------------
!  \OUTPUT
!-----------------
  \END 
!-----------------
 

