!-----------------
  \START
!-----------------
  \INPUT
!-----------------      
        \GLOBAL
   	  PROJECT:  PATCH_TEST2_MFS
	  NUMNP:         121
	  NMAT:            1
	  NBGROUP:         1
	  NEGROUP:         2
	  NITP_IN:        40
          NIDIV_IN:       40
	  DYNAMIC:         0
!
          CONTACT:         0 
          NSPAIR:          0
	\END
	\NODE  !N  ID(3,N)   X    Y    Z   NDOF(3,N)  KN
1	0	0	1	0	0	0	3	3	0	0
2	0	0	1	0	0.200000000000000	0	3	3	0	0
3	0	0	1	0	0.400000000000000	0	3	3	0	0
4	0	0	1	0	0.600000000000000	0	3	3	0	0
5	0	0	1	0	0.800000000000000	0	3	3	0	0
6	0	0	1	0	1	0	3	3	0	0
7	0	0	1	0	1.20000000000000	0	3	3	0	0
8	0	0	1	0	1.40000000000000	0	3	3	0	0
9	0	0	1	0	1.60000000000000	0	3	3	0	0
10	0	0	1	0	1.80000000000000	0	3	3	0	0
11	0	0	1	0	2	0	3	3	0	0
12	0	0	1	0.200000000000000	0	0	6	6	0	0
13	0	0	1	0.200000000000000	0.200000000000000	0	6	6	0	0
14	0	0	1	0.200000000000000	0.400000000000000	0	6	6	0	0
15	0	0	1	0.200000000000000	0.600000000000000	0	6	6	0	0
16	0	0	1	0.200000000000000	0.800000000000000	0	6	6	0	0
17	0	0	1	0.200000000000000	1	0	6	6	0	0
18	0	0	1	0.200000000000000	1.20000000000000	0	6	6	0	0
19	0	0	1	0.200000000000000	1.40000000000000	0	6	6	0	0
20	0	0	1	0.200000000000000	1.60000000000000	0	6	6	0	0
21	0	0	1	0.200000000000000	1.80000000000000	0	6	6	0	0
22	0	0	1	0.200000000000000	2	0	6	6	0	0
23	0	0	1	0.400000000000000	0	0	6	6	0	0
24	0	0	1	0.400000000000000	0.200000000000000	0	6	6	0	0
25	0	0	1	0.400000000000000	0.400000000000000	0	1	1	0	0
26	0	0	1	0.400000000000000	0.600000000000000	0	1	1	0	0
27	0	0	1	0.400000000000000	0.800000000000000	0	1	1	0	0
28	0	0	1	0.400000000000000	1	0	1	1	0	0
29	0	0	1	0.400000000000000	1.20000000000000	0	1	1	0	0
30	0	0	1	0.400000000000000	1.40000000000000	0	1	1	0	0
31	0	0	1	0.400000000000000	1.60000000000000	0	1	1	0	0
32	0	0	1	0.400000000000000	1.80000000000000	0	6	6	0	0
33	0	0	1	0.400000000000000	2	0	6	6	0	0
34	0	0	1	0.600000000000000	0	0	6	6	0	0
35	0	0	1	0.600000000000000	0.200000000000000	0	6	6	0	0
36	0	0	1	0.600000000000000	0.400000000000000	0	1	1	0	0
37	0	0	1	0.600000000000000	0.600000000000000	0	1	1	0	0
38	0	0	1	0.600000000000000	0.800000000000000	0	1	1	0	0
39	0	0	1	0.600000000000000	1	0	1	1	0	0
40	0	0	1	0.600000000000000	1.20000000000000	0	1	1	0	0
41	0	0	1	0.600000000000000	1.40000000000000	0	1	1	0	0
42	0	0	1	0.600000000000000	1.60000000000000	0	1	1	0	0
43	0	0	1	0.600000000000000	1.80000000000000	0	6	6	0	0
44	0	0	1	0.600000000000000	2	0	6	6	0	0
45	0	0	1	0.800000000000000	0	0	6	6	0	0
46	0	0	1	0.800000000000000	0.200000000000000	0	6	6	0	0
47	0	0	1	0.800000000000000	0.400000000000000	0	1	1	0	0
48	0	0	1	0.800000000000000	0.600000000000000	0	1	1	0	0
49	0	0	1	0.800000000000000	0.800000000000000	0	1	1	0	0
50	0	0	1	0.800000000000000	1	0	1	1	0	0
51	0	0	1	0.800000000000000	1.20000000000000	0	1	1	0	0
52	0	0	1	0.800000000000000	1.40000000000000	0	1	1	0	0
53	0	0	1	0.800000000000000	1.60000000000000	0	1	1	0	0
54	0	0	1	0.800000000000000	1.80000000000000	0	6	6	0	0
55	0	0	1	0.800000000000000	2	0	6	6	0	0
56	0	0	1	1	0	0	6	6	0	0
57	0	0	1	1	0.200000000000000	0	6	6	0	0
58	0	0	1	1	0.400000000000000	0	1	1	0	0
59	0	0	1	1	0.600000000000000	0	1	1	0	0
60	0	0	1	1	0.800000000000000	0	1	1	0	0
61	0	0	1	1	1	0	1	1	0	0
62	0	0	1	1	1.20000000000000	0	1	1	0	0
63	0	0	1	1	1.40000000000000	0	1	1	0	0
64	0	0	1	1	1.60000000000000	0	1	1	0	0
65	0	0	1	1	1.80000000000000	0	6	6	0	0
66	0	0	1	1	2	0	6	6	0	0
67	0	0	1	1.20000000000000	0	0	6	6	0	0
68	0	0	1	1.20000000000000	0.200000000000000	0	6	6	0	0
69	0	0	1	1.20000000000000	0.400000000000000	0	1	1	0	0
70	0	0	1	1.20000000000000	0.600000000000000	0	1	1	0	0
71	0	0	1	1.20000000000000	0.800000000000000	0	1	1	0	0
72	0	0	1	1.20000000000000	1	0	1	1	0	0
73	0	0	1	1.20000000000000	1.20000000000000	0	1	1	0	0
74	0	0	1	1.20000000000000	1.40000000000000	0	1	1	0	0
75	0	0	1	1.20000000000000	1.60000000000000	0	1	1	0	0
76	0	0	1	1.20000000000000	1.80000000000000	0	6	6	0	0
77	0	0	1	1.20000000000000	2	0	6	6	0	0
78	0	0	1	1.40000000000000	0	0	6	6	0	0
79	0	0	1	1.40000000000000	0.200000000000000	0	6	6	0	0
80	0	0	1	1.40000000000000	0.400000000000000	0	1	1	0	0
81	0	0	1	1.40000000000000	0.600000000000000	0	1	1	0	0
82	0	0	1	1.40000000000000	0.800000000000000	0	1	1	0	0
83	0	0	1	1.40000000000000	1	0	1	1	0	0
84	0	0	1	1.40000000000000	1.20000000000000	0	1	1	0	0
85	0	0	1	1.40000000000000	1.40000000000000	0	1	1	0	0
86	0	0	1	1.40000000000000	1.60000000000000	0	1	1	0	0
87	0	0	1	1.40000000000000	1.80000000000000	0	6	6	0	0
88	0	0	1	1.40000000000000	2	0	6	6	0	0
89	0	0	1	1.60000000000000	0	0	6	6	0	0
90	0	0	1	1.60000000000000	0.200000000000000	0	6	6	0	0
91	0	0	1	1.60000000000000	0.400000000000000	0	1	1	0	0
92	0	0	1	1.60000000000000	0.600000000000000	0	1	1	0	0
93	0	0	1	1.60000000000000	0.800000000000000	0	1	1	0	0
94	0	0	1	1.60000000000000	1	0	1	1	0	0
95	0	0	1	1.60000000000000	1.20000000000000	0	1	1	0	0
96	0	0	1	1.60000000000000	1.40000000000000	0	1	1	0	0
97	0	0	1	1.60000000000000	1.60000000000000	0	1	1	0	0
98	0	0	1	1.60000000000000	1.80000000000000	0	6	6	0	0
99	0	0	1	1.60000000000000	2	0	6	6	0	0
100	0	0	1	1.80000000000000	0	0	6	6	0	0
101	0	0	1	1.80000000000000	0.200000000000000	0	6	6	0	0
102	0	0	1	1.80000000000000	0.400000000000000	0	6	6	0	0
103	0	0	1	1.80000000000000	0.600000000000000	0	6	6	0	0
104	0	0	1	1.80000000000000	0.800000000000000	0	6	6	0	0
105	0	0	1	1.80000000000000	1	0	6	6	0	0
106	0	0	1	1.80000000000000	1.20000000000000	0	6	6	0	0
107	0	0	1	1.80000000000000	1.40000000000000	0	6	6	0	0
108	0	0	1	1.80000000000000	1.60000000000000	0	6	6	0	0
109	0	0	1	1.80000000000000	1.80000000000000	0	6	6	0	0
110	0	0	1	1.80000000000000	2	0	6	6	0	0
111	0	0	1	2	0	0	6	6	0	0
112	0	0	1	2	0.200000000000000	0	6	6	0	0
113	0	0	1	2	0.400000000000000	0	6	6	0	0
114	0	0	1	2	0.600000000000000	0	6	6	0	0
115	0	0	1	2	0.800000000000000	0	6	6	0	0
116	0	0	1	2	1	0	6	6	0	0
117	0	0	1	2	1.20000000000000	0	6	6	0	0
118	0	0	1	2	1.40000000000000	0	6	6	0	0
119	0	0	1	2	1.60000000000000	0	6	6	0	0
120	0	0	1	2	1.80000000000000	0	6	6	0	0
121	0	0	1	2	2	0	6	6	0	0
0	0	0	0	0	0	0	0	0	0	0
 	\MATERIAL !SET    E    PR   DENSITY  THIC
	            1   100   0.3     1560    1
		    0     0     0        0    0
!	\LOAD  !N IDIRN FLOAD  NFUNC
        \ELEMENT
	\OFE1_QUADS
	 ITYPE: 1 MTYPE: 1 NUMOFE: 72 NUMELE: 96  NGDOF: 5 NWEI: 1 NUMCPL: 28
	\END    !N  NODE  IND(2,N) RAD(2,N)  KN 
1	1	1	1	0.200000000000000	0.200000000000000	0
2	2	1	1	0.200000000000000	0.200000000000000	0
3	3	1	1	0.200000000000000	0.200000000000000	0
4	4	1	1	0.200000000000000	0.200000000000000	0
5	5	1	1	0.200000000000000	0.200000000000000	0
6	6	1	1	0.200000000000000	0.200000000000000	0
7	7	1	1	0.200000000000000	0.200000000000000	0
8	8	1	1	0.200000000000000	0.200000000000000	0
9	9	1	1	0.200000000000000	0.200000000000000	0
10	10	1	1	0.200000000000000	0.200000000000000	0
11	11	1	1	0.200000000000000	0.200000000000000	0
12	12	0	0	0.200000000000000	0.200000000000000	0
13	13	0	0	0.200000000000000	0.200000000000000	0
14	14	0	0	0.200000000000000	0.200000000000000	0
15	15	0	0	0.200000000000000	0.200000000000000	0
16	16	0	0	0.200000000000000	0.200000000000000	0
17	17	0	0	0.200000000000000	0.200000000000000	0
18	18	0	0	0.200000000000000	0.200000000000000	0
19	19	0	0	0.200000000000000	0.200000000000000	0
20	20	0	0	0.200000000000000	0.200000000000000	0
21	21	0	0	0.200000000000000	0.200000000000000	0
22	22	0	0	0.200000000000000	0.200000000000000	0
23	23	0	0	0.200000000000000	0.200000000000000	0
24	24	0	0	0.200000000000000	0.200000000000000	0
25	25	0	0	0.200000000000000	0.200000000000000	0
26	26	0	0	0.200000000000000	0.200000000000000	0
27	27	0	0	0.200000000000000	0.200000000000000	0
28	28	0	0	0.200000000000000	0.200000000000000	0
29	29	0	0	0.200000000000000	0.200000000000000	0
30	30	0	0	0.200000000000000	0.200000000000000	0
31	31	0	0	0.200000000000000	0.200000000000000	0
32	32	0	0	0.200000000000000	0.200000000000000	0
33	33	0	0	0.200000000000000	0.200000000000000	0
34	34	0	0	0.200000000000000	0.200000000000000	0
35	35	0	0	0.200000000000000	0.200000000000000	0
36	36	0	0	0.200000000000000	0.200000000000000	0
37	42	0	0	0.200000000000000	0.200000000000000	0
38	43	0	0	0.200000000000000	0.200000000000000	0
39	44	0	0	0.200000000000000	0.200000000000000	0
40	45	0	0	0.200000000000000	0.200000000000000	0
41	46	0	0	0.200000000000000	0.200000000000000	0
42	47	0	0	0.200000000000000	0.200000000000000	0
43	53	0	0	0.200000000000000	0.200000000000000	0
44	54	0	0	0.200000000000000	0.200000000000000	0
45	55	0	0	0.200000000000000	0.200000000000000	0
46	56	0	0	0.200000000000000	0.200000000000000	0
47	57	0	0	0.200000000000000	0.200000000000000	0
48	58	0	0	0.200000000000000	0.200000000000000	0
49	64	0	0	0.200000000000000	0.200000000000000	0
50	65	0	0	0.200000000000000	0.200000000000000	0
51	66	0	0	0.200000000000000	0.200000000000000	0
52	67	0	0	0.200000000000000	0.200000000000000	0
53	68	0	0	0.200000000000000	0.200000000000000	0
54	69	0	0	0.200000000000000	0.200000000000000	0
55	75	0	0	0.200000000000000	0.200000000000000	0
56	76	0	0	0.200000000000000	0.200000000000000	0
57	77	0	0	0.200000000000000	0.200000000000000	0
58	78	0	0	0.200000000000000	0.200000000000000	0
59	79	0	0	0.200000000000000	0.200000000000000	0
60	80	0	0	0.200000000000000	0.200000000000000	0
61	86	0	0	0.200000000000000	0.200000000000000	0
62	87	0	0	0.200000000000000	0.200000000000000	0
63	88	0	0	0.200000000000000	0.200000000000000	0
64	89	0	0	0.200000000000000	0.200000000000000	0
65	90	0	0	0.200000000000000	0.200000000000000	0
66	91	0	0	0.200000000000000	0.200000000000000	0
67	92	0	0	0.200000000000000	0.200000000000000	0
68	93	0	0	0.200000000000000	0.200000000000000	0
69	94	0	0	0.200000000000000	0.200000000000000	0
70	95	0	0	0.200000000000000	0.200000000000000	0
71	96	0	0	0.200000000000000	0.200000000000000	0
72	97	0	0	0.200000000000000	0.200000000000000	0
73	98	0	0	0.200000000000000	0.200000000000000	0
74	99	0	0	0.200000000000000	0.200000000000000	0
75	100	0	0	0.200000000000000	0.200000000000000	0
76	101	0	0	0.200000000000000	0.200000000000000	0
77	102	0	0	0.200000000000000	0.200000000000000	0
78	103	0	0	0.200000000000000	0.200000000000000	0
79	104	0	0	0.200000000000000	0.200000000000000	0
80	105	0	0	0.200000000000000	0.200000000000000	0
81	106	0	0	0.200000000000000	0.200000000000000	0
82	107	0	0	0.200000000000000	0.200000000000000	0
83	108	0	0	0.200000000000000	0.200000000000000	0
84	109	0	0	0.200000000000000	0.200000000000000	0
85	110	0	0	0.200000000000000	0.200000000000000	0
86	111	0	0	0.200000000000000	0.200000000000000	0
87	112	0	0	0.200000000000000	0.200000000000000	0
88	113	0	0	0.200000000000000	0.200000000000000	0
89	114	0	0	0.200000000000000	0.200000000000000	0
90	115	0	0	0.200000000000000	0.200000000000000	0
91	116	0	0	0.200000000000000	0.200000000000000	0
92	117	0	0	0.200000000000000	0.200000000000000	0
93	118	0	0	0.200000000000000	0.200000000000000	0
94	119	0	0	0.200000000000000	0.200000000000000	0
95	120	0	0	0.200000000000000	0.200000000000000	0
96	121	0	0	0.200000000000000	0.200000000000000	0
0        0      0       0       0                       0                       0
 	       !N   ELE1  ELE2  ELE3    KN
1	1	12	13	0
2	1	13	2	0
3	2	13	14	0
4	2	14	3	0
5	3	14	15	0
6	3	15	4	0
7	4	15	16	0
8	4	16	5	0
9	5	16	17	0
10	5	17	6	0
11	6	17	18	0
12	6	18	7	0
13	7	18	19	0
14	7	19	8	0
15	8	19	20	0
16	8	20	9	0
17	9	20	21	0
18	9	21	10	0
19	10	21	22	0
20	10	22	11	0
21	12	23	24	0
22	12	24	13	0
23	21	32	33	0
24	21	33	22	0
25	23	34	35	0
26	23	35	24	0
27	32	38	39	0
28	32	39	33	0
29	34	40	41	0
30	34	41	35	0
31	38	44	45	0
32	38	45	39	0
33	40	46	47	0
34	40	47	41	0
35	44	50	51	0
36	44	51	45	0
37	46	52	53	0
38	46	53	47	0
39	50	56	57	0
40	50	57	51	0
41	52	58	59	0
42	52	59	53	0
43	56	62	63	0
44	56	63	57	0
45	58	64	65	0
46	58	65	59	0
47	62	73	74	0
48	62	74	63	0
49	64	75	76	0
50	64	76	65	0
51	73	84	85	0
52	73	85	74	0
53	75	86	87	0
54	75	87	76	0
55	76	87	88	0
56	76	88	77	0
57	77	88	89	0
58	77	89	78	0
59	78	89	90	0
60	78	90	79	0
61	79	90	91	0
62	79	91	80	0
63	80	91	92	0
64	80	92	81	0
65	81	92	93	0
66	81	93	82	0
67	82	93	94	0
68	82	94	83	0
69	83	94	95	0
70	83	95	84	0
71	84	95	96	0
72	84	96	85	0
0        0       0       0      0
 	       !N   ELE1  ELE2  ELE3  ELE4   KN
1	13	24	25	14	0
2	14	25	26	15	0
3	15	26	27	16	0
4	16	27	28	17	0
5	17	28	29	18	0
6	18	29	30	19	0
7	19	30	31	20	0
8	20	31	32	21	0
9	24	35	36	25	0
10	31	37	38	32	0
11	35	41	42	36	0
12	37	43	44	38	0
13	41	47	48	42	0
14	43	49	50	44	0
15	47	53	54	48	0
16	49	55	56	50	0
17	53	59	60	54	0
18	55	61	62	56	0
19	59	65	66	60	0
20	61	72	73	62	0
21	65	76	77	66	0
22	66	77	78	67	0
23	67	78	79	68	0
24	68	79	80	69	0
25	69	80	81	70	0
26	70	81	82	71	0
27	71	82	83	72	0
28	72	83	84	73	0
0        0       0       0       0      0
 \QUADS 
         ITYPE: 1 MTYPE: 1  NUMELE: 36  NINTG: 2 
	\END    !N NODE1  NODE2  NODE3  NODE4 THIC
1	25	36	37	26	1
2	26	37	38	27	1
3	27	38	39	28	1
4	28	39	40	29	1
5	29	40	41	30	1
6	30	41	42	31	1
7	36	47	48	37	1
8	37	48	49	38	1
9	38	49	50	39	1
10	39	50	51	40	1
11	40	51	52	41	1
12	41	52	53	42	1
13	47	58	59	48	1
14	48	59	60	49	1
15	49	60	61	50	1
16	50	61	62	51	1
17	51	62	63	52	1
18	52	63	64	53	1
19	58	69	70	59	1
20	59	70	71	60	1
21	60	71	72	61	1
22	61	72	73	62	1
23	62	73	74	63	1
24	63	74	75	64	1
25	69	80	81	70	1
26	70	81	82	71	1
27	71	82	83	72	1
28	72	83	84	73	1
29	73	84	85	74	1
30	74	85	86	75	1
31	80	91	92	81	1
32	81	92	93	82	1
33	82	93	94	83	1
34	83	94	95	84	1
35	84	95	96	85	1
36	85	96	97	86	1
0	0	0	0	0	0      
 \BOUNDARY
        \OFE1_LINE
         NUMBC: 20
        \END ! N  ELE1 ELE2  IND(2,N) FLOAD(2,N) FUNC(2,N)  KN
1	2	1	1	1	0	0	1	1	0
2	3	2	1	1	0	0	1	1	0
3	4	3	1	1	0	0	1	1	0
4	5	4	1	1	0	0	1	1	0
5	6	5	1	1	0	0	1	1	0
6	7	6	1	1	0	0	1	1	0
7	8	7	1	1	0	0	1	1	0
8	9	8	1	1	0	0	1	1	0
9	10	9	1	1	0	0	1	1	0
10	11	10	1	1	0	0	1	1	0
11	22	11	2	2	0	1	1	1	0
12	33	22	2	2	0	1	1	1	0
13	39	33	2	2	0	1	1	1	0
14	45	39	2	2	0	1	1	1	0
15	51	45	2	2	0	1	1	1	0
16	57	51	2	2	0	1	1	1	0
17	63	57	2	2	0	1	1	1	0
18	74	63	2	2	0	1	1	1	0
19	85	74	2	2	0	1	1	1	0
20	96	85	2	2	0	1	1	1	0
0	0	0	0	0	0	0	0	0	0
\END{INPUT}
!-----------------
  \GENERATE
!-----------------
  \STATIC_SOLVER
!-----------------
!  \OUTPUT
!-----------------
  \END 
!-----------------
 

