!-----------------
  \START
!-----------------
  \INPUT
!-----------------      
        \GLOBAL
   	  PROJECT:  PATCH_TEST2_MFS
	  NUMNP:          36
	  NMAT:            1
	  NBGROUP:         1
	  NEGROUP:         2
	  NITP_IN:        40
          NIDIV_IN:       40
	  DYNAMIC:         0
!
          CONTACT:         0 
          NSPAIR:          0
	\END
	\NODE  !N  ID(3,N)   X    Y    Z   NDOF(3,N)  KN
1	0	0	1	0	0	0	3	3	0	0
2	0	0	1	0	0.400000000000000	0	3	3	0	0
3	0	0	1	0	0.800000000000000	0	3	3	0	0
4	0	0	1	0	1.20000000000000	0	3	3	0	0
5	0	0	1	0	1.60000000000000	0	3	3	0	0
6	0	0	1	0	2	0	3	3	0	0
7	0	0	1	0.400000000000000	0	0	6	6	0	0
8	0	0	1	0.400000000000000	0.400000000000000	0	6	6	0	0
9	0	0	1	0.400000000000000	0.800000000000000	0	6	6	0	0
10	0	0	1	0.400000000000000	1.20000000000000	0	6	6	0	0
11	0	0	1	0.400000000000000	1.60000000000000	0	6	6	0	0
12	0	0	1	0.400000000000000	2	0	6	6	0	0
13	0	0	1	0.800000000000000	0	0	6	6	0	0
14	0	0	1	0.800000000000000	0.400000000000000	0	6	6	0	0
15	0	0	1	0.800000000000000	0.800000000000000	0	1	1	0	0
16	0	0	1	0.800000000000000	1.20000000000000	0	1	1	0	0
17	0	0	1	0.800000000000000	1.60000000000000	0	6	6	0	0
18	0	0	1	0.800000000000000	2	0	6	6	0	0
19	0	0	1	1.20000000000000	0	0	6	6	0	0
20	0	0	1	1.20000000000000	0.400000000000000	0	6	6	0	0
21	0	0	1	1.20000000000000	0.800000000000000	0	1	1	0	0
22	0	0	1	1.20000000000000	1.20000000000000	0	1	1	0	0
23	0	0	1	1.20000000000000	1.60000000000000	0	6	6	0	0
24	0	0	1	1.20000000000000	2	0	6	6	0	0
25	0	0	1	1.60000000000000	0	0	6	6	0	0
26	0	0	1	1.60000000000000	0.400000000000000	0	6	6	0	0
27	0	0	1	1.60000000000000	0.800000000000000	0	6	6	0	0
28	0	0	1	1.60000000000000	1.20000000000000	0	6	6	0	0
29	0	0	1	1.60000000000000	1.60000000000000	0	6	6	0	0
30	0	0	1	1.60000000000000	2	0	6	6	0	0
31	0	0	1	2	0	0	6	6	0	0
32	0	0	1	2	0.400000000000000	0	6	6	0	0
33	0	0	1	2	0.800000000000000	0	6	6	0	0
34	0	0	1	2	1.20000000000000	0	6	6	0	0
35	0	0	1	2	1.60000000000000	0	6	6	0	0
36	0	0	1	2	2	0	6	6	0	0
0	0	0	0	0	0	0	0	0	0	0
 	\MATERIAL !SET    E    PR   DENSITY  THIC
	            1   100   0.3     1560    1
		    0     0     0        0    0
!	\LOAD  !N IDIRN FLOAD  NFUNC
        \ELEMENT
	\OFE1_QUADS
	 ITYPE: 1 MTYPE: 1 NUMOFE: 32 NUMELE: 36  NGDOF: 5 NWEI: 1 NUMCPL: 8
	\END    !N  NODE  IND(2,N) RAD(2,N)  KN 
1	1	1	1	0.400000000000000	0.400000000000000	0
2	2	1	1	0.400000000000000	0.400000000000000	0
3	3	1	1	0.400000000000000	0.400000000000000	0
4	4	1	1	0.400000000000000	0.400000000000000	0
5	5	1	1	0.400000000000000	0.400000000000000	0
6	6	1	1	0.400000000000000	0.400000000000000	0
7	7	0	0	0.400000000000000	0.400000000000000	0
8	8	0	0	0.400000000000000	0.400000000000000	0
9	9	0	0	0.400000000000000	0.400000000000000	0
10	10	0	0	0.400000000000000	0.400000000000000	0
11	11	0	0	0.400000000000000	0.400000000000000	0
12	12	0	0	0.400000000000000	0.400000000000000	0
13	13	0	0	0.400000000000000	0.400000000000000	0
14	14	0	0	0.400000000000000	0.400000000000000	0
15	15	0	0	0.400000000000000	0.400000000000000	0
16	16	0	0	0.400000000000000	0.400000000000000	0
17	17	0	0	0.400000000000000	0.400000000000000	0
18	18	0	0	0.400000000000000	0.400000000000000	0
19	19	0	0	0.400000000000000	0.400000000000000	0
20	20	0	0	0.400000000000000	0.400000000000000	0
21	21	0	0	0.400000000000000	0.400000000000000	0
22	22	0	0	0.400000000000000	0.400000000000000	0
23	23	0	0	0.400000000000000	0.400000000000000	0
24	24	0	0	0.400000000000000	0.400000000000000	0
25	25	0	0	0.400000000000000	0.400000000000000	0
26	26	0	0	0.400000000000000	0.400000000000000	0
27	27	0	0	0.400000000000000	0.400000000000000	0
28	28	0	0	0.400000000000000	0.400000000000000	0
29	29	0	0	0.400000000000000	0.400000000000000	0
30	30	0	0	0.400000000000000	0.400000000000000	0
31	31	0	0	0.400000000000000	0.400000000000000	0
32	32	0	0	0.400000000000000	0.400000000000000	0
33	33	0	0	0.400000000000000	0.400000000000000	0
34	34	0	0	0.400000000000000	0.400000000000000	0
35	35	0	0	0.400000000000000	0.400000000000000	0
36	36	0	0	0.400000000000000	0.400000000000000	0
0        0      0       0       0                       0                       0
 	       !N   ELE1  ELE2  ELE3    KN
1	1	7	8	0
2	1	8	2	0
3	2	8	9	0
4	2	9	3	0
5	3	9	10	0
6	3	10	4	0
7	4	10	11	0
8	4	11	5	0
9	5	11	12	0
10	5	12	6	0
11	7	13	14	0
12	7	14	8	0
13	11	17	18	0
14	11	18	12	0
15	13	19	20	0
16	13	20	14	0
17	17	23	24	0
18	17	24	18	0
19	19	25	26	0
20	19	26	20	0
21	23	29	30	0
22	23	30	24	0
23	25	31	32	0
24	25	32	26	0
25	26	32	33	0
26	26	33	27	0
27	27	33	34	0
28	27	34	28	0
29	28	34	35	0
30	28	35	29	0
31	29	35	36	0
32	29	36	30	0
0        0       0       0      0
 	       !N   ELE1  ELE2  ELE3  ELE4   KN
1	8	14	15	9	0
2	9	15	16	10	0
3	10	16	17	11	0
4	14	20	21	15	0
5	16	22	23	17	0
6	20	26	27	21	0
7	21	27	28	22	0
8	22	28	29	23	0
0        0       0       0       0      0
 \QUADS 
         ITYPE: 1 MTYPE: 1  NUMELE: 1  NINTG: 2 
	\END    !N NODE1  NODE2  NODE3  NODE4 THIC
1	15	21	22	16	1
0	0	0	0	0	0      
 \BOUNDARY
        \OFE1_LINE
         NUMBC: 10
        \END ! N  ELE1 ELE2  IND(2,N) FLOAD(2,N) FUNC(2,N)  KN
1	2	1	1	1	0	0	1	1	0
2	3	2	1	1	0	0	1	1	0
3	4	3	1	1	0	0	1	1	0
4	5	4	1	1	0	0	1	1	0
5	6	5	1	1	0	0	1	1	0
6	12	6	2	2	0	1	1	1	0
7	18	12	2	2	0	1	1	1	0
8	24	18	2	2	0	1	1	1	0
9	30	24	2	2	0	1	1	1	0
10	36	30	2	2	0	1	1	1	0
0	0	0	0	0	0	0	0	0	0
\END{INPUT}
!-----------------
  \GENERATE
!-----------------
  \STATIC_SOLVER
!-----------------
!  \OUTPUT
!-----------------
  \END 
!-----------------
 

