!-----------------
  \START
!-----------------
  \INPUT
!-----------------      
        \GLOBAL
   	  PROJECT:  PATCH_TEST2_MFS
	  NUMNP:         121
	  NMAT:            1
	  NBGROUP:         1
	  NEGROUP:         1
	  NITP_IN:        40
          NIDIV_IN:       40
	  DYNAMIC:         0
!
          CONTACT:         0 
          NSPAIR:          0
	\END
	\NODE  !N  ID(3,N)   X    Y    Z   NDOF(3,N)  KN
1	0	0	1	0	0	0	3	3	0	0
2	0	0	1	0	0.200000000000000	0	3	3	0	0
3	0	0	1	0	0.400000000000000	0	3	3	0	0
4	0	0	1	0	0.600000000000000	0	3	3	0	0
5	0	0	1	0	0.800000000000000	0	3	3	0	0
6	0	0	1	0	1	0	3	3	0	0
7	0	0	1	0	1.20000000000000	0	3	3	0	0
8	0	0	1	0	1.40000000000000	0	3	3	0	0
9	0	0	1	0	1.60000000000000	0	3	3	0	0
10	0	0	1	0	1.80000000000000	0	3	3	0	0
11	0	0	1	0	2	0	3	3	0	0
12	0	0	1	0.200000000000000	0	0	6	6	0	0
13	0	0	1	0.200000000000000	0.200000000000000	0	6	6	0	0
14	0	0	1	0.200000000000000	0.400000000000000	0	6	6	0	0
15	0	0	1	0.200000000000000	0.600000000000000	0	6	6	0	0
16	0	0	1	0.200000000000000	0.800000000000000	0	6	6	0	0
17	0	0	1	0.200000000000000	1	0	6	6	0	0
18	0	0	1	0.200000000000000	1.20000000000000	0	6	6	0	0
19	0	0	1	0.200000000000000	1.40000000000000	0	6	6	0	0
20	0	0	1	0.200000000000000	1.60000000000000	0	6	6	0	0
21	0	0	1	0.200000000000000	1.80000000000000	0	6	6	0	0
22	0	0	1	0.200000000000000	2	0	6	6	0	0
23	0	0	1	0.400000000000000	0	0	6	6	0	0
24	0	0	1	0.400000000000000	0.200000000000000	0	6	6	0	0
25	0	0	1	0.400000000000000	0.400000000000000	0	6	6	0	0
26	0	0	1	0.400000000000000	0.600000000000000	0	6	6	0	0
27	0	0	1	0.400000000000000	0.800000000000000	0	6	6	0	0
28	0	0	1	0.400000000000000	1	0	6	6	0	0
29	0	0	1	0.400000000000000	1.20000000000000	0	6	6	0	0
30	0	0	1	0.400000000000000	1.40000000000000	0	6	6	0	0
31	0	0	1	0.400000000000000	1.60000000000000	0	6	6	0	0
32	0	0	1	0.400000000000000	1.80000000000000	0	6	6	0	0
33	0	0	1	0.400000000000000	2	0	6	6	0	0
34	0	0	1	0.600000000000000	0	0	6	6	0	0
35	0	0	1	0.600000000000000	0.200000000000000	0	6	6	0	0
36	0	0	1	0.600000000000000	0.400000000000000	0	6	6	0	0
37	0	0	1	0.600000000000000	0.600000000000000	0	6	6	0	0
38	0	0	1	0.600000000000000	0.800000000000000	0	6	6	0	0
39	0	0	1	0.600000000000000	1	0	6	6	0	0
40	0	0	1	0.600000000000000	1.20000000000000	0	6	6	0	0
41	0	0	1	0.600000000000000	1.40000000000000	0	6	6	0	0
42	0	0	1	0.600000000000000	1.60000000000000	0	6	6	0	0
43	0	0	1	0.600000000000000	1.80000000000000	0	6	6	0	0
44	0	0	1	0.600000000000000	2	0	6	6	0	0
45	0	0	1	0.800000000000000	0	0	6	6	0	0
46	0	0	1	0.800000000000000	0.200000000000000	0	6	6	0	0
47	0	0	1	0.800000000000000	0.400000000000000	0	6	6	0	0
48	0	0	1	0.800000000000000	0.600000000000000	0	6	6	0	0
49	0	0	1	0.800000000000000	0.800000000000000	0	6	6	0	0
50	0	0	1	0.800000000000000	1	0	6	6	0	0
51	0	0	1	0.800000000000000	1.20000000000000	0	6	6	0	0
52	0	0	1	0.800000000000000	1.40000000000000	0	6	6	0	0
53	0	0	1	0.800000000000000	1.60000000000000	0	6	6	0	0
54	0	0	1	0.800000000000000	1.80000000000000	0	6	6	0	0
55	0	0	1	0.800000000000000	2	0	6	6	0	0
56	0	0	1	1	0	0	6	6	0	0
57	0	0	1	1	0.200000000000000	0	6	6	0	0
58	0	0	1	1	0.400000000000000	0	6	6	0	0
59	0	0	1	1	0.600000000000000	0	6	6	0	0
60	0	0	1	1	0.800000000000000	0	6	6	0	0
61	0	0	1	1	1	0	6	6	0	0
62	0	0	1	1	1.20000000000000	0	6	6	0	0
63	0	0	1	1	1.40000000000000	0	6	6	0	0
64	0	0	1	1	1.60000000000000	0	6	6	0	0
65	0	0	1	1	1.80000000000000	0	6	6	0	0
66	0	0	1	1	2	0	6	6	0	0
67	0	0	1	1.20000000000000	0	0	6	6	0	0
68	0	0	1	1.20000000000000	0.200000000000000	0	6	6	0	0
69	0	0	1	1.20000000000000	0.400000000000000	0	6	6	0	0
70	0	0	1	1.20000000000000	0.600000000000000	0	6	6	0	0
71	0	0	1	1.20000000000000	0.800000000000000	0	6	6	0	0
72	0	0	1	1.20000000000000	1	0	6	6	0	0
73	0	0	1	1.20000000000000	1.20000000000000	0	6	6	0	0
74	0	0	1	1.20000000000000	1.40000000000000	0	6	6	0	0
75	0	0	1	1.20000000000000	1.60000000000000	0	6	6	0	0
76	0	0	1	1.20000000000000	1.80000000000000	0	6	6	0	0
77	0	0	1	1.20000000000000	2	0	6	6	0	0
78	0	0	1	1.40000000000000	0	0	6	6	0	0
79	0	0	1	1.40000000000000	0.200000000000000	0	6	6	0	0
80	0	0	1	1.40000000000000	0.400000000000000	0	6	6	0	0
81	0	0	1	1.40000000000000	0.600000000000000	0	6	6	0	0
82	0	0	1	1.40000000000000	0.800000000000000	0	6	6	0	0
83	0	0	1	1.40000000000000	1	0	6	6	0	0
84	0	0	1	1.40000000000000	1.20000000000000	0	6	6	0	0
85	0	0	1	1.40000000000000	1.40000000000000	0	6	6	0	0
86	0	0	1	1.40000000000000	1.60000000000000	0	6	6	0	0
87	0	0	1	1.40000000000000	1.80000000000000	0	6	6	0	0
88	0	0	1	1.40000000000000	2	0	6	6	0	0
89	0	0	1	1.60000000000000	0	0	6	6	0	0
90	0	0	1	1.60000000000000	0.200000000000000	0	6	6	0	0
91	0	0	1	1.60000000000000	0.400000000000000	0	6	6	0	0
92	0	0	1	1.60000000000000	0.600000000000000	0	6	6	0	0
93	0	0	1	1.60000000000000	0.800000000000000	0	6	6	0	0
94	0	0	1	1.60000000000000	1	0	6	6	0	0
95	0	0	1	1.60000000000000	1.20000000000000	0	6	6	0	0
96	0	0	1	1.60000000000000	1.40000000000000	0	6	6	0	0
97	0	0	1	1.60000000000000	1.60000000000000	0	6	6	0	0
98	0	0	1	1.60000000000000	1.80000000000000	0	6	6	0	0
99	0	0	1	1.60000000000000	2	0	6	6	0	0
100	0	0	1	1.80000000000000	0	0	6	6	0	0
101	0	0	1	1.80000000000000	0.200000000000000	0	6	6	0	0
102	0	0	1	1.80000000000000	0.400000000000000	0	6	6	0	0
103	0	0	1	1.80000000000000	0.600000000000000	0	6	6	0	0
104	0	0	1	1.80000000000000	0.800000000000000	0	6	6	0	0
105	0	0	1	1.80000000000000	1	0	6	6	0	0
106	0	0	1	1.80000000000000	1.20000000000000	0	6	6	0	0
107	0	0	1	1.80000000000000	1.40000000000000	0	6	6	0	0
108	0	0	1	1.80000000000000	1.60000000000000	0	6	6	0	0
109	0	0	1	1.80000000000000	1.80000000000000	0	6	6	0	0
110	0	0	1	1.80000000000000	2	0	6	6	0	0
111	0	0	1	2	0	0	6	6	0	0
112	0	0	1	2	0.200000000000000	0	6	6	0	0
113	0	0	1	2	0.400000000000000	0	6	6	0	0
114	0	0	1	2	0.600000000000000	0	6	6	0	0
115	0	0	1	2	0.800000000000000	0	6	6	0	0
116	0	0	1	2	1	0	6	6	0	0
117	0	0	1	2	1.20000000000000	0	6	6	0	0
118	0	0	1	2	1.40000000000000	0	6	6	0	0
119	0	0	1	2	1.60000000000000	0	6	6	0	0
120	0	0	1	2	1.80000000000000	0	6	6	0	0
121	0	0	1	2	2	0	6	6	0	0
0	0	0	0	0	0	0	0	0	0	0
 	\MATERIAL !SET    E    PR   DENSITY  THIC
	            1   100   0.3     1560    1
		    0     0     0        0    0
!	\LOAD  !N IDIRN FLOAD  NFUNC
        \ELEMENT
	\OFE1_QUADS
	 ITYPE: 1 MTYPE: 1 NUMOFE: 200 NUMELE: 121  NGDOF: 5 NWEI: 1
	\END    !N  NODE  IND(2,N) RAD(2,N)  KN 
1	1	1	1	0.440000000000000	0.440000000000000	0
2	2	1	1	0.440000000000000	0.440000000000000	0
3	3	1	1	0.440000000000000	0.440000000000000	0
4	4	1	1	0.440000000000000	0.440000000000000	0
5	5	1	1	0.440000000000000	0.440000000000000	0
6	6	1	1	0.440000000000000	0.440000000000000	0
7	7	1	1	0.440000000000000	0.440000000000000	0
8	8	1	1	0.440000000000000	0.440000000000000	0
9	9	1	1	0.440000000000000	0.440000000000000	0
10	10	1	1	0.440000000000000	0.440000000000000	0
11	11	1	1	0.440000000000000	0.440000000000000	0
12	12	0	0	0.400000000000000	0.400000000000000	0
13	13	0	0	0.400000000000000	0.400000000000000	0
14	14	0	0	0.400000000000000	0.400000000000000	0
15	15	0	0	0.400000000000000	0.400000000000000	0
16	16	0	0	0.400000000000000	0.400000000000000	0
17	17	0	0	0.400000000000000	0.400000000000000	0
18	18	0	0	0.400000000000000	0.400000000000000	0
19	19	0	0	0.400000000000000	0.400000000000000	0
20	20	0	0	0.400000000000000	0.400000000000000	0
21	21	0	0	0.400000000000000	0.400000000000000	0
22	22	0	0	0.400000000000000	0.400000000000000	0
23	23	0	0	0.400000000000000	0.400000000000000	0
24	24	0	0	0.400000000000000	0.400000000000000	0
25	25	0	0	0.400000000000000	0.400000000000000	0
26	26	0	0	0.400000000000000	0.400000000000000	0
27	27	0	0	0.400000000000000	0.400000000000000	0
28	28	0	0	0.400000000000000	0.400000000000000	0
29	29	0	0	0.400000000000000	0.400000000000000	0
30	30	0	0	0.400000000000000	0.400000000000000	0
31	31	0	0	0.400000000000000	0.400000000000000	0
32	32	0	0	0.400000000000000	0.400000000000000	0
33	33	0	0	0.400000000000000	0.400000000000000	0
34	34	0	0	0.400000000000000	0.400000000000000	0
35	35	0	0	0.400000000000000	0.400000000000000	0
36	36	0	0	0.400000000000000	0.400000000000000	0
37	37	0	0	0.400000000000000	0.400000000000000	0
38	38	0	0	0.400000000000000	0.400000000000000	0
39	39	0	0	0.400000000000000	0.400000000000000	0
40	40	0	0	0.400000000000000	0.400000000000000	0
41	41	0	0	0.400000000000000	0.400000000000000	0
42	42	0	0	0.400000000000000	0.400000000000000	0
43	43	0	0	0.400000000000000	0.400000000000000	0
44	44	0	0	0.400000000000000	0.400000000000000	0
45	45	0	0	0.400000000000000	0.400000000000000	0
46	46	0	0	0.400000000000000	0.400000000000000	0
47	47	0	0	0.400000000000000	0.400000000000000	0
48	48	0	0	0.400000000000000	0.400000000000000	0
49	49	0	0	0.400000000000000	0.400000000000000	0
50	50	0	0	0.400000000000000	0.400000000000000	0
51	51	0	0	0.400000000000000	0.400000000000000	0
52	52	0	0	0.400000000000000	0.400000000000000	0
53	53	0	0	0.400000000000000	0.400000000000000	0
54	54	0	0	0.400000000000000	0.400000000000000	0
55	55	0	0	0.400000000000000	0.400000000000000	0
56	56	0	0	0.400000000000000	0.400000000000000	0
57	57	0	0	0.400000000000000	0.400000000000000	0
58	58	0	0	0.400000000000000	0.400000000000000	0
59	59	0	0	0.400000000000000	0.400000000000000	0
60	60	0	0	0.400000000000000	0.400000000000000	0
61	61	0	0	0.400000000000000	0.400000000000000	0
62	62	0	0	0.400000000000000	0.400000000000000	0
63	63	0	0	0.400000000000000	0.400000000000000	0
64	64	0	0	0.400000000000000	0.400000000000000	0
65	65	0	0	0.400000000000000	0.400000000000000	0
66	66	0	0	0.400000000000000	0.400000000000000	0
67	67	0	0	0.400000000000000	0.400000000000000	0
68	68	0	0	0.400000000000000	0.400000000000000	0
69	69	0	0	0.400000000000000	0.400000000000000	0
70	70	0	0	0.400000000000000	0.400000000000000	0
71	71	0	0	0.400000000000000	0.400000000000000	0
72	72	0	0	0.400000000000000	0.400000000000000	0
73	73	0	0	0.400000000000000	0.400000000000000	0
74	74	0	0	0.400000000000000	0.400000000000000	0
75	75	0	0	0.400000000000000	0.400000000000000	0
76	76	0	0	0.400000000000000	0.400000000000000	0
77	77	0	0	0.400000000000000	0.400000000000000	0
78	78	0	0	0.400000000000000	0.400000000000000	0
79	79	0	0	0.400000000000000	0.400000000000000	0
80	80	0	0	0.400000000000000	0.400000000000000	0
81	81	0	0	0.400000000000000	0.400000000000000	0
82	82	0	0	0.400000000000000	0.400000000000000	0
83	83	0	0	0.400000000000000	0.400000000000000	0
84	84	0	0	0.400000000000000	0.400000000000000	0
85	85	0	0	0.400000000000000	0.400000000000000	0
86	86	0	0	0.400000000000000	0.400000000000000	0
87	87	0	0	0.400000000000000	0.400000000000000	0
88	88	0	0	0.400000000000000	0.400000000000000	0
89	89	0	0	0.400000000000000	0.400000000000000	0
90	90	0	0	0.400000000000000	0.400000000000000	0
91	91	0	0	0.400000000000000	0.400000000000000	0
92	92	0	0	0.400000000000000	0.400000000000000	0
93	93	0	0	0.400000000000000	0.400000000000000	0
94	94	0	0	0.400000000000000	0.400000000000000	0
95	95	0	0	0.400000000000000	0.400000000000000	0
96	96	0	0	0.400000000000000	0.400000000000000	0
97	97	0	0	0.400000000000000	0.400000000000000	0
98	98	0	0	0.400000000000000	0.400000000000000	0
99	99	0	0	0.400000000000000	0.400000000000000	0
100	100	0	0	0.400000000000000	0.400000000000000	0
101	101	0	0	0.400000000000000	0.400000000000000	0
102	102	0	0	0.400000000000000	0.400000000000000	0
103	103	0	0	0.400000000000000	0.400000000000000	0
104	104	0	0	0.400000000000000	0.400000000000000	0
105	105	0	0	0.400000000000000	0.400000000000000	0
106	106	0	0	0.400000000000000	0.400000000000000	0
107	107	0	0	0.400000000000000	0.400000000000000	0
108	108	0	0	0.400000000000000	0.400000000000000	0
109	109	0	0	0.400000000000000	0.400000000000000	0
110	110	0	0	0.400000000000000	0.400000000000000	0
111	111	0	0	0.400000000000000	0.400000000000000	0
112	112	0	0	0.400000000000000	0.400000000000000	0
113	113	0	0	0.400000000000000	0.400000000000000	0
114	114	0	0	0.400000000000000	0.400000000000000	0
115	115	0	0	0.400000000000000	0.400000000000000	0
116	116	0	0	0.400000000000000	0.400000000000000	0
117	117	0	0	0.400000000000000	0.400000000000000	0
118	118	0	0	0.400000000000000	0.400000000000000	0
119	119	0	0	0.400000000000000	0.400000000000000	0
120	120	0	0	0.400000000000000	0.400000000000000	0
121	121	0	0	0.400000000000000	0.400000000000000	0
0	0	0	0	0	0	0
 	       !N   ELE1  ELE2  ELE3    KN
1	1	12	13	0
2	1	13	2	0
3	2	13	14	0
4	2	14	3	0
5	3	14	15	0
6	3	15	4	0
7	4	15	16	0
8	4	16	5	0
9	5	16	17	0
10	5	17	6	0
11	6	17	18	0
12	6	18	7	0
13	7	18	19	0
14	7	19	8	0
15	8	19	20	0
16	8	20	9	0
17	9	20	21	0
18	9	21	10	0
19	10	21	22	0
20	10	22	11	0
21	12	23	24	0
22	12	24	13	0
23	13	24	25	0
24	13	25	14	0
25	14	25	26	0
26	14	26	15	0
27	15	26	27	0
28	15	27	16	0
29	16	27	28	0
30	16	28	17	0
31	17	28	29	0
32	17	29	18	0
33	18	29	30	0
34	18	30	19	0
35	19	30	31	0
36	19	31	20	0
37	20	31	32	0
38	20	32	21	0
39	21	32	33	0
40	21	33	22	0
41	23	34	35	0
42	23	35	24	0
43	24	35	36	0
44	24	36	25	0
45	25	36	37	0
46	25	37	26	0
47	26	37	38	0
48	26	38	27	0
49	27	38	39	0
50	27	39	28	0
51	28	39	40	0
52	28	40	29	0
53	29	40	41	0
54	29	41	30	0
55	30	41	42	0
56	30	42	31	0
57	31	42	43	0
58	31	43	32	0
59	32	43	44	0
60	32	44	33	0
61	34	45	46	0
62	34	46	35	0
63	35	46	47	0
64	35	47	36	0
65	36	47	48	0
66	36	48	37	0
67	37	48	49	0
68	37	49	38	0
69	38	49	50	0
70	38	50	39	0
71	39	50	51	0
72	39	51	40	0
73	40	51	52	0
74	40	52	41	0
75	41	52	53	0
76	41	53	42	0
77	42	53	54	0
78	42	54	43	0
79	43	54	55	0
80	43	55	44	0
81	45	56	57	0
82	45	57	46	0
83	46	57	58	0
84	46	58	47	0
85	47	58	59	0
86	47	59	48	0
87	48	59	60	0
88	48	60	49	0
89	49	60	61	0
90	49	61	50	0
91	50	61	62	0
92	50	62	51	0
93	51	62	63	0
94	51	63	52	0
95	52	63	64	0
96	52	64	53	0
97	53	64	65	0
98	53	65	54	0
99	54	65	66	0
100	54	66	55	0
101	56	67	68	0
102	56	68	57	0
103	57	68	69	0
104	57	69	58	0
105	58	69	70	0
106	58	70	59	0
107	59	70	71	0
108	59	71	60	0
109	60	71	72	0
110	60	72	61	0
111	61	72	73	0
112	61	73	62	0
113	62	73	74	0
114	62	74	63	0
115	63	74	75	0
116	63	75	64	0
117	64	75	76	0
118	64	76	65	0
119	65	76	77	0
120	65	77	66	0
121	67	78	79	0
122	67	79	68	0
123	68	79	80	0
124	68	80	69	0
125	69	80	81	0
126	69	81	70	0
127	70	81	82	0
128	70	82	71	0
129	71	82	83	0
130	71	83	72	0
131	72	83	84	0
132	72	84	73	0
133	73	84	85	0
134	73	85	74	0
135	74	85	86	0
136	74	86	75	0
137	75	86	87	0
138	75	87	76	0
139	76	87	88	0
140	76	88	77	0
141	78	89	90	0
142	78	90	79	0
143	79	90	91	0
144	79	91	80	0
145	80	91	92	0
146	80	92	81	0
147	81	92	93	0
148	81	93	82	0
149	82	93	94	0
150	82	94	83	0
151	83	94	95	0
152	83	95	84	0
153	84	95	96	0
154	84	96	85	0
155	85	96	97	0
156	85	97	86	0
157	86	97	98	0
158	86	98	87	0
159	87	98	99	0
160	87	99	88	0
161	89	100	101	0
162	89	101	90	0
163	90	101	102	0
164	90	102	91	0
165	91	102	103	0
166	91	103	92	0
167	92	103	104	0
168	92	104	93	0
169	93	104	105	0
170	93	105	94	0
171	94	105	106	0
172	94	106	95	0
173	95	106	107	0
174	95	107	96	0
175	96	107	108	0
176	96	108	97	0
177	97	108	109	0
178	97	109	98	0
179	98	109	110	0
180	98	110	99	0
181	100	111	112	0
182	100	112	101	0
183	101	112	113	0
184	101	113	102	0
185	102	113	114	0
186	102	114	103	0
187	103	114	115	0
188	103	115	104	0
189	104	115	116	0
190	104	116	105	0
191	105	116	117	0
192	105	117	106	0
193	106	117	118	0
194	106	118	107	0
195	107	118	119	0
196	107	119	108	0
197	108	119	120	0
198	108	120	109	0
199	109	120	121	0
200	109	121	110	0
0	0	0	0	0
 \BOUNDARY
        \OFE1_LINE
         NUMBC: 20
        \END ! N  ELE1 ELE2  IND(2,N) FLOAD(2,N) FUNC(2,N)  KN
1	2	1	1	1	0	0	1	1	0
2	3	2	1	1	0	0	1	1	0
3	4	3	1	1	0	0	1	1	0
4	5	4	1	1	0	0	1	1	0
5	6	5	1	1	0	0	1	1	0
6	7	6	1	1	0	0	1	1	0
7	8	7	1	1	0	0	1	1	0
8	9	8	1	1	0	0	1	1	0
9	10	9	1	1	0	0	1	1	0
10	11	10	1	1	0	0	1	1	0
11	22	11	2	2	0	1	1	1	0
12	33	22	2	2	0	1	1	1	0
13	44	33	2	2	0	1	1	1	0
14	55	44	2	2	0	1	1	1	0
15	66	55	2	2	0	1	1	1	0
16	77	66	2	2	0	1	1	1	0
17	88	77	2	2	0	1	1	1	0
18	99	88	2	2	0	1	1	1	0
19	110	99	2	2	0	1	1	1	0
20	121	110	2	2	0	1	1	1	0
0	0	0	0	0	0	0	0	0	0
\END{INPUT}
!-----------------
  \GENERATE
!-----------------
  \STATIC_SOLVER
!-----------------
!  \OUTPUT
!-----------------
  \END 
!-----------------
 

