!-----------------
  \START
!-----------------
  \INPUT
!-----------------      
        \GLOBAL
   	  PROJECT:  PATCH_TEST2_MFS
	  NUMNP:         441
	  NMAT:            1
	  NBGROUP:         1
	  NEGROUP:         1
	  NITP_IN:        40
          NIDIV_IN:       40
	  DYNAMIC:         0
!
          CONTACT:         0 
          NSPAIR:          0
	\END
	\NODE  !N  ID(3,N)   X    Y    Z   NDOF(3,N)  KN
1	1	1	1	0	0	0	0	0	0	0
2	1	1	1	0	0.100000000000000	0	0	0	0	0
3	1	1	1	0	0.200000000000000	0	0	0	0	0
4	1	1	1	0	0.300000000000000	0	0	0	0	0
5	1	1	1	0	0.400000000000000	0	0	0	0	0
6	1	1	1	0	0.500000000000000	0	0	0	0	0
7	1	1	1	0	0.600000000000000	0	0	0	0	0
8	1	1	1	0	0.700000000000000	0	0	0	0	0
9	1	1	1	0	0.800000000000000	0	0	0	0	0
10	1	1	1	0	0.900000000000000	0	0	0	0	0
11	1	1	1	0	1	0	0	0	0	0
12	1	1	1	0	1.10000000000000	0	0	0	0	0
13	1	1	1	0	1.20000000000000	0	0	0	0	0
14	1	1	1	0	1.30000000000000	0	0	0	0	0
15	1	1	1	0	1.40000000000000	0	0	0	0	0
16	1	1	1	0	1.50000000000000	0	0	0	0	0
17	1	1	1	0	1.60000000000000	0	0	0	0	0
18	1	1	1	0	1.70000000000000	0	0	0	0	0
19	1	1	1	0	1.80000000000000	0	0	0	0	0
20	1	1	1	0	1.90000000000000	0	0	0	0	0
21	1	1	1	0	2	0	0	0	0	0
22	0	0	1	0.100000000000000	0	0	6	6	0	0
23	0	0	1	0.100000000000000	0.100000000000000	0	6	6	0	0
24	0	0	1	0.100000000000000	0.200000000000000	0	6	6	0	0
25	0	0	1	0.100000000000000	0.300000000000000	0	6	6	0	0
26	0	0	1	0.100000000000000	0.400000000000000	0	6	6	0	0
27	0	0	1	0.100000000000000	0.500000000000000	0	6	6	0	0
28	0	0	1	0.100000000000000	0.600000000000000	0	6	6	0	0
29	0	0	1	0.100000000000000	0.700000000000000	0	6	6	0	0
30	0	0	1	0.100000000000000	0.800000000000000	0	6	6	0	0
31	0	0	1	0.100000000000000	0.900000000000000	0	6	6	0	0
32	0	0	1	0.100000000000000	1	0	6	6	0	0
33	0	0	1	0.100000000000000	1.10000000000000	0	6	6	0	0
34	0	0	1	0.100000000000000	1.20000000000000	0	6	6	0	0
35	0	0	1	0.100000000000000	1.30000000000000	0	6	6	0	0
36	0	0	1	0.100000000000000	1.40000000000000	0	6	6	0	0
37	0	0	1	0.100000000000000	1.50000000000000	0	6	6	0	0
38	0	0	1	0.100000000000000	1.60000000000000	0	6	6	0	0
39	0	0	1	0.100000000000000	1.70000000000000	0	6	6	0	0
40	0	0	1	0.100000000000000	1.80000000000000	0	6	6	0	0
41	0	0	1	0.100000000000000	1.90000000000000	0	6	6	0	0
42	0	0	1	0.100000000000000	2	0	6	6	0	0
43	0	0	1	0.200000000000000	0	0	6	6	0	0
44	0	0	1	0.200000000000000	0.100000000000000	0	6	6	0	0
45	0	0	1	0.200000000000000	0.200000000000000	0	6	6	0	0
46	0	0	1	0.200000000000000	0.300000000000000	0	6	6	0	0
47	0	0	1	0.200000000000000	0.400000000000000	0	6	6	0	0
48	0	0	1	0.200000000000000	0.500000000000000	0	6	6	0	0
49	0	0	1	0.200000000000000	0.600000000000000	0	6	6	0	0
50	0	0	1	0.200000000000000	0.700000000000000	0	6	6	0	0
51	0	0	1	0.200000000000000	0.800000000000000	0	6	6	0	0
52	0	0	1	0.200000000000000	0.900000000000000	0	6	6	0	0
53	0	0	1	0.200000000000000	1	0	6	6	0	0
54	0	0	1	0.200000000000000	1.10000000000000	0	6	6	0	0
55	0	0	1	0.200000000000000	1.20000000000000	0	6	6	0	0
56	0	0	1	0.200000000000000	1.30000000000000	0	6	6	0	0
57	0	0	1	0.200000000000000	1.40000000000000	0	6	6	0	0
58	0	0	1	0.200000000000000	1.50000000000000	0	6	6	0	0
59	0	0	1	0.200000000000000	1.60000000000000	0	6	6	0	0
60	0	0	1	0.200000000000000	1.70000000000000	0	6	6	0	0
61	0	0	1	0.200000000000000	1.80000000000000	0	6	6	0	0
62	0	0	1	0.200000000000000	1.90000000000000	0	6	6	0	0
63	0	0	1	0.200000000000000	2	0	6	6	0	0
64	0	0	1	0.300000000000000	0	0	6	6	0	0
65	0	0	1	0.300000000000000	0.100000000000000	0	6	6	0	0
66	0	0	1	0.300000000000000	0.200000000000000	0	6	6	0	0
67	0	0	1	0.300000000000000	0.300000000000000	0	6	6	0	0
68	0	0	1	0.300000000000000	0.400000000000000	0	6	6	0	0
69	0	0	1	0.300000000000000	0.500000000000000	0	6	6	0	0
70	0	0	1	0.300000000000000	0.600000000000000	0	6	6	0	0
71	0	0	1	0.300000000000000	0.700000000000000	0	6	6	0	0
72	0	0	1	0.300000000000000	0.800000000000000	0	6	6	0	0
73	0	0	1	0.300000000000000	0.900000000000000	0	6	6	0	0
74	0	0	1	0.300000000000000	1	0	6	6	0	0
75	0	0	1	0.300000000000000	1.10000000000000	0	6	6	0	0
76	0	0	1	0.300000000000000	1.20000000000000	0	6	6	0	0
77	0	0	1	0.300000000000000	1.30000000000000	0	6	6	0	0
78	0	0	1	0.300000000000000	1.40000000000000	0	6	6	0	0
79	0	0	1	0.300000000000000	1.50000000000000	0	6	6	0	0
80	0	0	1	0.300000000000000	1.60000000000000	0	6	6	0	0
81	0	0	1	0.300000000000000	1.70000000000000	0	6	6	0	0
82	0	0	1	0.300000000000000	1.80000000000000	0	6	6	0	0
83	0	0	1	0.300000000000000	1.90000000000000	0	6	6	0	0
84	0	0	1	0.300000000000000	2	0	6	6	0	0
85	0	0	1	0.400000000000000	0	0	6	6	0	0
86	0	0	1	0.400000000000000	0.100000000000000	0	6	6	0	0
87	0	0	1	0.400000000000000	0.200000000000000	0	6	6	0	0
88	0	0	1	0.400000000000000	0.300000000000000	0	6	6	0	0
89	0	0	1	0.400000000000000	0.400000000000000	0	6	6	0	0
90	0	0	1	0.400000000000000	0.500000000000000	0	6	6	0	0
91	0	0	1	0.400000000000000	0.600000000000000	0	6	6	0	0
92	0	0	1	0.400000000000000	0.700000000000000	0	6	6	0	0
93	0	0	1	0.400000000000000	0.800000000000000	0	6	6	0	0
94	0	0	1	0.400000000000000	0.900000000000000	0	6	6	0	0
95	0	0	1	0.400000000000000	1	0	6	6	0	0
96	0	0	1	0.400000000000000	1.10000000000000	0	6	6	0	0
97	0	0	1	0.400000000000000	1.20000000000000	0	6	6	0	0
98	0	0	1	0.400000000000000	1.30000000000000	0	6	6	0	0
99	0	0	1	0.400000000000000	1.40000000000000	0	6	6	0	0
100	0	0	1	0.400000000000000	1.50000000000000	0	6	6	0	0
101	0	0	1	0.400000000000000	1.60000000000000	0	6	6	0	0
102	0	0	1	0.400000000000000	1.70000000000000	0	6	6	0	0
103	0	0	1	0.400000000000000	1.80000000000000	0	6	6	0	0
104	0	0	1	0.400000000000000	1.90000000000000	0	6	6	0	0
105	0	0	1	0.400000000000000	2	0	6	6	0	0
106	0	0	1	0.500000000000000	0	0	6	6	0	0
107	0	0	1	0.500000000000000	0.100000000000000	0	6	6	0	0
108	0	0	1	0.500000000000000	0.200000000000000	0	6	6	0	0
109	0	0	1	0.500000000000000	0.300000000000000	0	6	6	0	0
110	0	0	1	0.500000000000000	0.400000000000000	0	6	6	0	0
111	0	0	1	0.500000000000000	0.500000000000000	0	6	6	0	0
112	0	0	1	0.500000000000000	0.600000000000000	0	6	6	0	0
113	0	0	1	0.500000000000000	0.700000000000000	0	6	6	0	0
114	0	0	1	0.500000000000000	0.800000000000000	0	6	6	0	0
115	0	0	1	0.500000000000000	0.900000000000000	0	6	6	0	0
116	0	0	1	0.500000000000000	1	0	6	6	0	0
117	0	0	1	0.500000000000000	1.10000000000000	0	6	6	0	0
118	0	0	1	0.500000000000000	1.20000000000000	0	6	6	0	0
119	0	0	1	0.500000000000000	1.30000000000000	0	6	6	0	0
120	0	0	1	0.500000000000000	1.40000000000000	0	6	6	0	0
121	0	0	1	0.500000000000000	1.50000000000000	0	6	6	0	0
122	0	0	1	0.500000000000000	1.60000000000000	0	6	6	0	0
123	0	0	1	0.500000000000000	1.70000000000000	0	6	6	0	0
124	0	0	1	0.500000000000000	1.80000000000000	0	6	6	0	0
125	0	0	1	0.500000000000000	1.90000000000000	0	6	6	0	0
126	0	0	1	0.500000000000000	2	0	6	6	0	0
127	0	0	1	0.600000000000000	0	0	6	6	0	0
128	0	0	1	0.600000000000000	0.100000000000000	0	6	6	0	0
129	0	0	1	0.600000000000000	0.200000000000000	0	6	6	0	0
130	0	0	1	0.600000000000000	0.300000000000000	0	6	6	0	0
131	0	0	1	0.600000000000000	0.400000000000000	0	6	6	0	0
132	0	0	1	0.600000000000000	0.500000000000000	0	6	6	0	0
133	0	0	1	0.600000000000000	0.600000000000000	0	6	6	0	0
134	0	0	1	0.600000000000000	0.700000000000000	0	6	6	0	0
135	0	0	1	0.600000000000000	0.800000000000000	0	6	6	0	0
136	0	0	1	0.600000000000000	0.900000000000000	0	6	6	0	0
137	0	0	1	0.600000000000000	1	0	6	6	0	0
138	0	0	1	0.600000000000000	1.10000000000000	0	6	6	0	0
139	0	0	1	0.600000000000000	1.20000000000000	0	6	6	0	0
140	0	0	1	0.600000000000000	1.30000000000000	0	6	6	0	0
141	0	0	1	0.600000000000000	1.40000000000000	0	6	6	0	0
142	0	0	1	0.600000000000000	1.50000000000000	0	6	6	0	0
143	0	0	1	0.600000000000000	1.60000000000000	0	6	6	0	0
144	0	0	1	0.600000000000000	1.70000000000000	0	6	6	0	0
145	0	0	1	0.600000000000000	1.80000000000000	0	6	6	0	0
146	0	0	1	0.600000000000000	1.90000000000000	0	6	6	0	0
147	0	0	1	0.600000000000000	2	0	6	6	0	0
148	0	0	1	0.700000000000000	0	0	6	6	0	0
149	0	0	1	0.700000000000000	0.100000000000000	0	6	6	0	0
150	0	0	1	0.700000000000000	0.200000000000000	0	6	6	0	0
151	0	0	1	0.700000000000000	0.300000000000000	0	6	6	0	0
152	0	0	1	0.700000000000000	0.400000000000000	0	6	6	0	0
153	0	0	1	0.700000000000000	0.500000000000000	0	6	6	0	0
154	0	0	1	0.700000000000000	0.600000000000000	0	6	6	0	0
155	0	0	1	0.700000000000000	0.700000000000000	0	6	6	0	0
156	0	0	1	0.700000000000000	0.800000000000000	0	6	6	0	0
157	0	0	1	0.700000000000000	0.900000000000000	0	6	6	0	0
158	0	0	1	0.700000000000000	1	0	6	6	0	0
159	0	0	1	0.700000000000000	1.10000000000000	0	6	6	0	0
160	0	0	1	0.700000000000000	1.20000000000000	0	6	6	0	0
161	0	0	1	0.700000000000000	1.30000000000000	0	6	6	0	0
162	0	0	1	0.700000000000000	1.40000000000000	0	6	6	0	0
163	0	0	1	0.700000000000000	1.50000000000000	0	6	6	0	0
164	0	0	1	0.700000000000000	1.60000000000000	0	6	6	0	0
165	0	0	1	0.700000000000000	1.70000000000000	0	6	6	0	0
166	0	0	1	0.700000000000000	1.80000000000000	0	6	6	0	0
167	0	0	1	0.700000000000000	1.90000000000000	0	6	6	0	0
168	0	0	1	0.700000000000000	2	0	6	6	0	0
169	0	0	1	0.800000000000000	0	0	6	6	0	0
170	0	0	1	0.800000000000000	0.100000000000000	0	6	6	0	0
171	0	0	1	0.800000000000000	0.200000000000000	0	6	6	0	0
172	0	0	1	0.800000000000000	0.300000000000000	0	6	6	0	0
173	0	0	1	0.800000000000000	0.400000000000000	0	6	6	0	0
174	0	0	1	0.800000000000000	0.500000000000000	0	6	6	0	0
175	0	0	1	0.800000000000000	0.600000000000000	0	6	6	0	0
176	0	0	1	0.800000000000000	0.700000000000000	0	6	6	0	0
177	0	0	1	0.800000000000000	0.800000000000000	0	6	6	0	0
178	0	0	1	0.800000000000000	0.900000000000000	0	6	6	0	0
179	0	0	1	0.800000000000000	1	0	6	6	0	0
180	0	0	1	0.800000000000000	1.10000000000000	0	6	6	0	0
181	0	0	1	0.800000000000000	1.20000000000000	0	6	6	0	0
182	0	0	1	0.800000000000000	1.30000000000000	0	6	6	0	0
183	0	0	1	0.800000000000000	1.40000000000000	0	6	6	0	0
184	0	0	1	0.800000000000000	1.50000000000000	0	6	6	0	0
185	0	0	1	0.800000000000000	1.60000000000000	0	6	6	0	0
186	0	0	1	0.800000000000000	1.70000000000000	0	6	6	0	0
187	0	0	1	0.800000000000000	1.80000000000000	0	6	6	0	0
188	0	0	1	0.800000000000000	1.90000000000000	0	6	6	0	0
189	0	0	1	0.800000000000000	2	0	6	6	0	0
190	0	0	1	0.900000000000000	0	0	6	6	0	0
191	0	0	1	0.900000000000000	0.100000000000000	0	6	6	0	0
192	0	0	1	0.900000000000000	0.200000000000000	0	6	6	0	0
193	0	0	1	0.900000000000000	0.300000000000000	0	6	6	0	0
194	0	0	1	0.900000000000000	0.400000000000000	0	6	6	0	0
195	0	0	1	0.900000000000000	0.500000000000000	0	6	6	0	0
196	0	0	1	0.900000000000000	0.600000000000000	0	6	6	0	0
197	0	0	1	0.900000000000000	0.700000000000000	0	6	6	0	0
198	0	0	1	0.900000000000000	0.800000000000000	0	6	6	0	0
199	0	0	1	0.900000000000000	0.900000000000000	0	6	6	0	0
200	0	0	1	0.900000000000000	1	0	6	6	0	0
201	0	0	1	0.900000000000000	1.10000000000000	0	6	6	0	0
202	0	0	1	0.900000000000000	1.20000000000000	0	6	6	0	0
203	0	0	1	0.900000000000000	1.30000000000000	0	6	6	0	0
204	0	0	1	0.900000000000000	1.40000000000000	0	6	6	0	0
205	0	0	1	0.900000000000000	1.50000000000000	0	6	6	0	0
206	0	0	1	0.900000000000000	1.60000000000000	0	6	6	0	0
207	0	0	1	0.900000000000000	1.70000000000000	0	6	6	0	0
208	0	0	1	0.900000000000000	1.80000000000000	0	6	6	0	0
209	0	0	1	0.900000000000000	1.90000000000000	0	6	6	0	0
210	0	0	1	0.900000000000000	2	0	6	6	0	0
211	0	0	1	1	0	0	6	6	0	0
212	0	0	1	1	0.100000000000000	0	6	6	0	0
213	0	0	1	1	0.200000000000000	0	6	6	0	0
214	0	0	1	1	0.300000000000000	0	6	6	0	0
215	0	0	1	1	0.400000000000000	0	6	6	0	0
216	0	0	1	1	0.500000000000000	0	6	6	0	0
217	0	0	1	1	0.600000000000000	0	6	6	0	0
218	0	0	1	1	0.700000000000000	0	6	6	0	0
219	0	0	1	1	0.800000000000000	0	6	6	0	0
220	0	0	1	1	0.900000000000000	0	6	6	0	0
221	0	0	1	1	1	0	6	6	0	0
222	0	0	1	1	1.10000000000000	0	6	6	0	0
223	0	0	1	1	1.20000000000000	0	6	6	0	0
224	0	0	1	1	1.30000000000000	0	6	6	0	0
225	0	0	1	1	1.40000000000000	0	6	6	0	0
226	0	0	1	1	1.50000000000000	0	6	6	0	0
227	0	0	1	1	1.60000000000000	0	6	6	0	0
228	0	0	1	1	1.70000000000000	0	6	6	0	0
229	0	0	1	1	1.80000000000000	0	6	6	0	0
230	0	0	1	1	1.90000000000000	0	6	6	0	0
231	0	0	1	1	2	0	6	6	0	0
232	0	0	1	1.10000000000000	0	0	6	6	0	0
233	0	0	1	1.10000000000000	0.100000000000000	0	6	6	0	0
234	0	0	1	1.10000000000000	0.200000000000000	0	6	6	0	0
235	0	0	1	1.10000000000000	0.300000000000000	0	6	6	0	0
236	0	0	1	1.10000000000000	0.400000000000000	0	6	6	0	0
237	0	0	1	1.10000000000000	0.500000000000000	0	6	6	0	0
238	0	0	1	1.10000000000000	0.600000000000000	0	6	6	0	0
239	0	0	1	1.10000000000000	0.700000000000000	0	6	6	0	0
240	0	0	1	1.10000000000000	0.800000000000000	0	6	6	0	0
241	0	0	1	1.10000000000000	0.900000000000000	0	6	6	0	0
242	0	0	1	1.10000000000000	1	0	6	6	0	0
243	0	0	1	1.10000000000000	1.10000000000000	0	6	6	0	0
244	0	0	1	1.10000000000000	1.20000000000000	0	6	6	0	0
245	0	0	1	1.10000000000000	1.30000000000000	0	6	6	0	0
246	0	0	1	1.10000000000000	1.40000000000000	0	6	6	0	0
247	0	0	1	1.10000000000000	1.50000000000000	0	6	6	0	0
248	0	0	1	1.10000000000000	1.60000000000000	0	6	6	0	0
249	0	0	1	1.10000000000000	1.70000000000000	0	6	6	0	0
250	0	0	1	1.10000000000000	1.80000000000000	0	6	6	0	0
251	0	0	1	1.10000000000000	1.90000000000000	0	6	6	0	0
252	0	0	1	1.10000000000000	2	0	6	6	0	0
253	0	0	1	1.20000000000000	0	0	6	6	0	0
254	0	0	1	1.20000000000000	0.100000000000000	0	6	6	0	0
255	0	0	1	1.20000000000000	0.200000000000000	0	6	6	0	0
256	0	0	1	1.20000000000000	0.300000000000000	0	6	6	0	0
257	0	0	1	1.20000000000000	0.400000000000000	0	6	6	0	0
258	0	0	1	1.20000000000000	0.500000000000000	0	6	6	0	0
259	0	0	1	1.20000000000000	0.600000000000000	0	6	6	0	0
260	0	0	1	1.20000000000000	0.700000000000000	0	6	6	0	0
261	0	0	1	1.20000000000000	0.800000000000000	0	6	6	0	0
262	0	0	1	1.20000000000000	0.900000000000000	0	6	6	0	0
263	0	0	1	1.20000000000000	1	0	6	6	0	0
264	0	0	1	1.20000000000000	1.10000000000000	0	6	6	0	0
265	0	0	1	1.20000000000000	1.20000000000000	0	6	6	0	0
266	0	0	1	1.20000000000000	1.30000000000000	0	6	6	0	0
267	0	0	1	1.20000000000000	1.40000000000000	0	6	6	0	0
268	0	0	1	1.20000000000000	1.50000000000000	0	6	6	0	0
269	0	0	1	1.20000000000000	1.60000000000000	0	6	6	0	0
270	0	0	1	1.20000000000000	1.70000000000000	0	6	6	0	0
271	0	0	1	1.20000000000000	1.80000000000000	0	6	6	0	0
272	0	0	1	1.20000000000000	1.90000000000000	0	6	6	0	0
273	0	0	1	1.20000000000000	2	0	6	6	0	0
274	0	0	1	1.30000000000000	0	0	6	6	0	0
275	0	0	1	1.30000000000000	0.100000000000000	0	6	6	0	0
276	0	0	1	1.30000000000000	0.200000000000000	0	6	6	0	0
277	0	0	1	1.30000000000000	0.300000000000000	0	6	6	0	0
278	0	0	1	1.30000000000000	0.400000000000000	0	6	6	0	0
279	0	0	1	1.30000000000000	0.500000000000000	0	6	6	0	0
280	0	0	1	1.30000000000000	0.600000000000000	0	6	6	0	0
281	0	0	1	1.30000000000000	0.700000000000000	0	6	6	0	0
282	0	0	1	1.30000000000000	0.800000000000000	0	6	6	0	0
283	0	0	1	1.30000000000000	0.900000000000000	0	6	6	0	0
284	0	0	1	1.30000000000000	1	0	6	6	0	0
285	0	0	1	1.30000000000000	1.10000000000000	0	6	6	0	0
286	0	0	1	1.30000000000000	1.20000000000000	0	6	6	0	0
287	0	0	1	1.30000000000000	1.30000000000000	0	6	6	0	0
288	0	0	1	1.30000000000000	1.40000000000000	0	6	6	0	0
289	0	0	1	1.30000000000000	1.50000000000000	0	6	6	0	0
290	0	0	1	1.30000000000000	1.60000000000000	0	6	6	0	0
291	0	0	1	1.30000000000000	1.70000000000000	0	6	6	0	0
292	0	0	1	1.30000000000000	1.80000000000000	0	6	6	0	0
293	0	0	1	1.30000000000000	1.90000000000000	0	6	6	0	0
294	0	0	1	1.30000000000000	2	0	6	6	0	0
295	0	0	1	1.40000000000000	0	0	6	6	0	0
296	0	0	1	1.40000000000000	0.100000000000000	0	6	6	0	0
297	0	0	1	1.40000000000000	0.200000000000000	0	6	6	0	0
298	0	0	1	1.40000000000000	0.300000000000000	0	6	6	0	0
299	0	0	1	1.40000000000000	0.400000000000000	0	6	6	0	0
300	0	0	1	1.40000000000000	0.500000000000000	0	6	6	0	0
301	0	0	1	1.40000000000000	0.600000000000000	0	6	6	0	0
302	0	0	1	1.40000000000000	0.700000000000000	0	6	6	0	0
303	0	0	1	1.40000000000000	0.800000000000000	0	6	6	0	0
304	0	0	1	1.40000000000000	0.900000000000000	0	6	6	0	0
305	0	0	1	1.40000000000000	1	0	6	6	0	0
306	0	0	1	1.40000000000000	1.10000000000000	0	6	6	0	0
307	0	0	1	1.40000000000000	1.20000000000000	0	6	6	0	0
308	0	0	1	1.40000000000000	1.30000000000000	0	6	6	0	0
309	0	0	1	1.40000000000000	1.40000000000000	0	6	6	0	0
310	0	0	1	1.40000000000000	1.50000000000000	0	6	6	0	0
311	0	0	1	1.40000000000000	1.60000000000000	0	6	6	0	0
312	0	0	1	1.40000000000000	1.70000000000000	0	6	6	0	0
313	0	0	1	1.40000000000000	1.80000000000000	0	6	6	0	0
314	0	0	1	1.40000000000000	1.90000000000000	0	6	6	0	0
315	0	0	1	1.40000000000000	2	0	6	6	0	0
316	0	0	1	1.50000000000000	0	0	6	6	0	0
317	0	0	1	1.50000000000000	0.100000000000000	0	6	6	0	0
318	0	0	1	1.50000000000000	0.200000000000000	0	6	6	0	0
319	0	0	1	1.50000000000000	0.300000000000000	0	6	6	0	0
320	0	0	1	1.50000000000000	0.400000000000000	0	6	6	0	0
321	0	0	1	1.50000000000000	0.500000000000000	0	6	6	0	0
322	0	0	1	1.50000000000000	0.600000000000000	0	6	6	0	0
323	0	0	1	1.50000000000000	0.700000000000000	0	6	6	0	0
324	0	0	1	1.50000000000000	0.800000000000000	0	6	6	0	0
325	0	0	1	1.50000000000000	0.900000000000000	0	6	6	0	0
326	0	0	1	1.50000000000000	1	0	6	6	0	0
327	0	0	1	1.50000000000000	1.10000000000000	0	6	6	0	0
328	0	0	1	1.50000000000000	1.20000000000000	0	6	6	0	0
329	0	0	1	1.50000000000000	1.30000000000000	0	6	6	0	0
330	0	0	1	1.50000000000000	1.40000000000000	0	6	6	0	0
331	0	0	1	1.50000000000000	1.50000000000000	0	6	6	0	0
332	0	0	1	1.50000000000000	1.60000000000000	0	6	6	0	0
333	0	0	1	1.50000000000000	1.70000000000000	0	6	6	0	0
334	0	0	1	1.50000000000000	1.80000000000000	0	6	6	0	0
335	0	0	1	1.50000000000000	1.90000000000000	0	6	6	0	0
336	0	0	1	1.50000000000000	2	0	6	6	0	0
337	0	0	1	1.60000000000000	0	0	6	6	0	0
338	0	0	1	1.60000000000000	0.100000000000000	0	6	6	0	0
339	0	0	1	1.60000000000000	0.200000000000000	0	6	6	0	0
340	0	0	1	1.60000000000000	0.300000000000000	0	6	6	0	0
341	0	0	1	1.60000000000000	0.400000000000000	0	6	6	0	0
342	0	0	1	1.60000000000000	0.500000000000000	0	6	6	0	0
343	0	0	1	1.60000000000000	0.600000000000000	0	6	6	0	0
344	0	0	1	1.60000000000000	0.700000000000000	0	6	6	0	0
345	0	0	1	1.60000000000000	0.800000000000000	0	6	6	0	0
346	0	0	1	1.60000000000000	0.900000000000000	0	6	6	0	0
347	0	0	1	1.60000000000000	1	0	6	6	0	0
348	0	0	1	1.60000000000000	1.10000000000000	0	6	6	0	0
349	0	0	1	1.60000000000000	1.20000000000000	0	6	6	0	0
350	0	0	1	1.60000000000000	1.30000000000000	0	6	6	0	0
351	0	0	1	1.60000000000000	1.40000000000000	0	6	6	0	0
352	0	0	1	1.60000000000000	1.50000000000000	0	6	6	0	0
353	0	0	1	1.60000000000000	1.60000000000000	0	6	6	0	0
354	0	0	1	1.60000000000000	1.70000000000000	0	6	6	0	0
355	0	0	1	1.60000000000000	1.80000000000000	0	6	6	0	0
356	0	0	1	1.60000000000000	1.90000000000000	0	6	6	0	0
357	0	0	1	1.60000000000000	2	0	6	6	0	0
358	0	0	1	1.70000000000000	0	0	6	6	0	0
359	0	0	1	1.70000000000000	0.100000000000000	0	6	6	0	0
360	0	0	1	1.70000000000000	0.200000000000000	0	6	6	0	0
361	0	0	1	1.70000000000000	0.300000000000000	0	6	6	0	0
362	0	0	1	1.70000000000000	0.400000000000000	0	6	6	0	0
363	0	0	1	1.70000000000000	0.500000000000000	0	6	6	0	0
364	0	0	1	1.70000000000000	0.600000000000000	0	6	6	0	0
365	0	0	1	1.70000000000000	0.700000000000000	0	6	6	0	0
366	0	0	1	1.70000000000000	0.800000000000000	0	6	6	0	0
367	0	0	1	1.70000000000000	0.900000000000000	0	6	6	0	0
368	0	0	1	1.70000000000000	1	0	6	6	0	0
369	0	0	1	1.70000000000000	1.10000000000000	0	6	6	0	0
370	0	0	1	1.70000000000000	1.20000000000000	0	6	6	0	0
371	0	0	1	1.70000000000000	1.30000000000000	0	6	6	0	0
372	0	0	1	1.70000000000000	1.40000000000000	0	6	6	0	0
373	0	0	1	1.70000000000000	1.50000000000000	0	6	6	0	0
374	0	0	1	1.70000000000000	1.60000000000000	0	6	6	0	0
375	0	0	1	1.70000000000000	1.70000000000000	0	6	6	0	0
376	0	0	1	1.70000000000000	1.80000000000000	0	6	6	0	0
377	0	0	1	1.70000000000000	1.90000000000000	0	6	6	0	0
378	0	0	1	1.70000000000000	2	0	6	6	0	0
379	0	0	1	1.80000000000000	0	0	6	6	0	0
380	0	0	1	1.80000000000000	0.100000000000000	0	6	6	0	0
381	0	0	1	1.80000000000000	0.200000000000000	0	6	6	0	0
382	0	0	1	1.80000000000000	0.300000000000000	0	6	6	0	0
383	0	0	1	1.80000000000000	0.400000000000000	0	6	6	0	0
384	0	0	1	1.80000000000000	0.500000000000000	0	6	6	0	0
385	0	0	1	1.80000000000000	0.600000000000000	0	6	6	0	0
386	0	0	1	1.80000000000000	0.700000000000000	0	6	6	0	0
387	0	0	1	1.80000000000000	0.800000000000000	0	6	6	0	0
388	0	0	1	1.80000000000000	0.900000000000000	0	6	6	0	0
389	0	0	1	1.80000000000000	1	0	6	6	0	0
390	0	0	1	1.80000000000000	1.10000000000000	0	6	6	0	0
391	0	0	1	1.80000000000000	1.20000000000000	0	6	6	0	0
392	0	0	1	1.80000000000000	1.30000000000000	0	6	6	0	0
393	0	0	1	1.80000000000000	1.40000000000000	0	6	6	0	0
394	0	0	1	1.80000000000000	1.50000000000000	0	6	6	0	0
395	0	0	1	1.80000000000000	1.60000000000000	0	6	6	0	0
396	0	0	1	1.80000000000000	1.70000000000000	0	6	6	0	0
397	0	0	1	1.80000000000000	1.80000000000000	0	6	6	0	0
398	0	0	1	1.80000000000000	1.90000000000000	0	6	6	0	0
399	0	0	1	1.80000000000000	2	0	6	6	0	0
400	0	0	1	1.90000000000000	0	0	6	6	0	0
401	0	0	1	1.90000000000000	0.100000000000000	0	6	6	0	0
402	0	0	1	1.90000000000000	0.200000000000000	0	6	6	0	0
403	0	0	1	1.90000000000000	0.300000000000000	0	6	6	0	0
404	0	0	1	1.90000000000000	0.400000000000000	0	6	6	0	0
405	0	0	1	1.90000000000000	0.500000000000000	0	6	6	0	0
406	0	0	1	1.90000000000000	0.600000000000000	0	6	6	0	0
407	0	0	1	1.90000000000000	0.700000000000000	0	6	6	0	0
408	0	0	1	1.90000000000000	0.800000000000000	0	6	6	0	0
409	0	0	1	1.90000000000000	0.900000000000000	0	6	6	0	0
410	0	0	1	1.90000000000000	1	0	6	6	0	0
411	0	0	1	1.90000000000000	1.10000000000000	0	6	6	0	0
412	0	0	1	1.90000000000000	1.20000000000000	0	6	6	0	0
413	0	0	1	1.90000000000000	1.30000000000000	0	6	6	0	0
414	0	0	1	1.90000000000000	1.40000000000000	0	6	6	0	0
415	0	0	1	1.90000000000000	1.50000000000000	0	6	6	0	0
416	0	0	1	1.90000000000000	1.60000000000000	0	6	6	0	0
417	0	0	1	1.90000000000000	1.70000000000000	0	6	6	0	0
418	0	0	1	1.90000000000000	1.80000000000000	0	6	6	0	0
419	0	0	1	1.90000000000000	1.90000000000000	0	6	6	0	0
420	0	0	1	1.90000000000000	2	0	6	6	0	0
421	0	0	1	2	0	0	6	6	0	0
422	0	0	1	2	0.100000000000000	0	6	6	0	0
423	0	0	1	2	0.200000000000000	0	6	6	0	0
424	0	0	1	2	0.300000000000000	0	6	6	0	0
425	0	0	1	2	0.400000000000000	0	6	6	0	0
426	0	0	1	2	0.500000000000000	0	6	6	0	0
427	0	0	1	2	0.600000000000000	0	6	6	0	0
428	0	0	1	2	0.700000000000000	0	6	6	0	0
429	0	0	1	2	0.800000000000000	0	6	6	0	0
430	0	0	1	2	0.900000000000000	0	6	6	0	0
431	0	0	1	2	1	0	6	6	0	0
432	0	0	1	2	1.10000000000000	0	6	6	0	0
433	0	0	1	2	1.20000000000000	0	6	6	0	0
434	0	0	1	2	1.30000000000000	0	6	6	0	0
435	0	0	1	2	1.40000000000000	0	6	6	0	0
436	0	0	1	2	1.50000000000000	0	6	6	0	0
437	0	0	1	2	1.60000000000000	0	6	6	0	0
438	0	0	1	2	1.70000000000000	0	6	6	0	0
439	0	0	1	2	1.80000000000000	0	6	6	0	0
440	0	0	1	2	1.90000000000000	0	6	6	0	0
441	0	0	1	2	2	0	6	6	0	0
0	0	0	0	0	0	0	0	0	0	0
 	\MATERIAL !SET    E    PR   DENSITY  THIC
	            1   100   0.3     1560    1
		    0     0     0        0    0
!	\LOAD  !N IDIRN FLOAD  NFUNC
        \ELEMENT
	\FEMC_QUADS
	 ITYPE: 1 MTYPE: 1 NUMOFE: 800 NUMELE: 441  NGDOF: 5 
	\END    !N  NODE  IND(2,N) RAD(2,N)  KN 
1	1	1	1	0.220000000000000	0
2	2	1	1	0.220000000000000	0
3	3	1	1	0.220000000000000	0
4	4	1	1	0.220000000000000	0
5	5	1	1	0.220000000000000	0
6	6	1	1	0.220000000000000	0
7	7	1	1	0.220000000000000	0
8	8	1	1	0.220000000000000	0
9	9	1	1	0.220000000000000	0
10	10	1	1	0.220000000000000	0
11	11	1	1	0.220000000000000	0
12	12	1	1	0.220000000000000	0
13	13	1	1	0.220000000000000	0
14	14	1	1	0.220000000000000	0
15	15	1	1	0.220000000000000	0
16	16	1	1	0.220000000000000	0
17	17	1	1	0.220000000000000	0
18	18	1	1	0.220000000000000	0
19	19	1	1	0.220000000000000	0
20	20	1	1	0.220000000000000	0
21	21	1	1	0.220000000000000	0
22	22	0	0	0.200000000000000	0
23	23	0	0	0.200000000000000	0
24	24	0	0	0.200000000000000	0
25	25	0	0	0.200000000000000	0
26	26	0	0	0.200000000000000	0
27	27	0	0	0.200000000000000	0
28	28	0	0	0.200000000000000	0
29	29	0	0	0.200000000000000	0
30	30	0	0	0.200000000000000	0
31	31	0	0	0.200000000000000	0
32	32	0	0	0.200000000000000	0
33	33	0	0	0.200000000000000	0
34	34	0	0	0.200000000000000	0
35	35	0	0	0.200000000000000	0
36	36	0	0	0.200000000000000	0
37	37	0	0	0.200000000000000	0
38	38	0	0	0.200000000000000	0
39	39	0	0	0.200000000000000	0
40	40	0	0	0.200000000000000	0
41	41	0	0	0.200000000000000	0
42	42	0	0	0.200000000000000	0
43	43	0	0	0.200000000000000	0
44	44	0	0	0.200000000000000	0
45	45	0	0	0.200000000000000	0
46	46	0	0	0.200000000000000	0
47	47	0	0	0.200000000000000	0
48	48	0	0	0.200000000000000	0
49	49	0	0	0.200000000000000	0
50	50	0	0	0.200000000000000	0
51	51	0	0	0.200000000000000	0
52	52	0	0	0.200000000000000	0
53	53	0	0	0.200000000000000	0
54	54	0	0	0.200000000000000	0
55	55	0	0	0.200000000000000	0
56	56	0	0	0.200000000000000	0
57	57	0	0	0.200000000000000	0
58	58	0	0	0.200000000000000	0
59	59	0	0	0.200000000000000	0
60	60	0	0	0.200000000000000	0
61	61	0	0	0.200000000000000	0
62	62	0	0	0.200000000000000	0
63	63	0	0	0.200000000000000	0
64	64	0	0	0.200000000000000	0
65	65	0	0	0.200000000000000	0
66	66	0	0	0.200000000000000	0
67	67	0	0	0.200000000000000	0
68	68	0	0	0.200000000000000	0
69	69	0	0	0.200000000000000	0
70	70	0	0	0.200000000000000	0
71	71	0	0	0.200000000000000	0
72	72	0	0	0.200000000000000	0
73	73	0	0	0.200000000000000	0
74	74	0	0	0.200000000000000	0
75	75	0	0	0.200000000000000	0
76	76	0	0	0.200000000000000	0
77	77	0	0	0.200000000000000	0
78	78	0	0	0.200000000000000	0
79	79	0	0	0.200000000000000	0
80	80	0	0	0.200000000000000	0
81	81	0	0	0.200000000000000	0
82	82	0	0	0.200000000000000	0
83	83	0	0	0.200000000000000	0
84	84	0	0	0.200000000000000	0
85	85	0	0	0.200000000000000	0
86	86	0	0	0.200000000000000	0
87	87	0	0	0.200000000000000	0
88	88	0	0	0.200000000000000	0
89	89	0	0	0.200000000000000	0
90	90	0	0	0.200000000000000	0
91	91	0	0	0.200000000000000	0
92	92	0	0	0.200000000000000	0
93	93	0	0	0.200000000000000	0
94	94	0	0	0.200000000000000	0
95	95	0	0	0.200000000000000	0
96	96	0	0	0.200000000000000	0
97	97	0	0	0.200000000000000	0
98	98	0	0	0.200000000000000	0
99	99	0	0	0.200000000000000	0
100	100	0	0	0.200000000000000	0
101	101	0	0	0.200000000000000	0
102	102	0	0	0.200000000000000	0
103	103	0	0	0.200000000000000	0
104	104	0	0	0.200000000000000	0
105	105	0	0	0.200000000000000	0
106	106	0	0	0.200000000000000	0
107	107	0	0	0.200000000000000	0
108	108	0	0	0.200000000000000	0
109	109	0	0	0.200000000000000	0
110	110	0	0	0.200000000000000	0
111	111	0	0	0.200000000000000	0
112	112	0	0	0.200000000000000	0
113	113	0	0	0.200000000000000	0
114	114	0	0	0.200000000000000	0
115	115	0	0	0.200000000000000	0
116	116	0	0	0.200000000000000	0
117	117	0	0	0.200000000000000	0
118	118	0	0	0.200000000000000	0
119	119	0	0	0.200000000000000	0
120	120	0	0	0.200000000000000	0
121	121	0	0	0.200000000000000	0
122	122	0	0	0.200000000000000	0
123	123	0	0	0.200000000000000	0
124	124	0	0	0.200000000000000	0
125	125	0	0	0.200000000000000	0
126	126	0	0	0.200000000000000	0
127	127	0	0	0.200000000000000	0
128	128	0	0	0.200000000000000	0
129	129	0	0	0.200000000000000	0
130	130	0	0	0.200000000000000	0
131	131	0	0	0.200000000000000	0
132	132	0	0	0.200000000000000	0
133	133	0	0	0.200000000000000	0
134	134	0	0	0.200000000000000	0
135	135	0	0	0.200000000000000	0
136	136	0	0	0.200000000000000	0
137	137	0	0	0.200000000000000	0
138	138	0	0	0.200000000000000	0
139	139	0	0	0.200000000000000	0
140	140	0	0	0.200000000000000	0
141	141	0	0	0.200000000000000	0
142	142	0	0	0.200000000000000	0
143	143	0	0	0.200000000000000	0
144	144	0	0	0.200000000000000	0
145	145	0	0	0.200000000000000	0
146	146	0	0	0.200000000000000	0
147	147	0	0	0.200000000000000	0
148	148	0	0	0.200000000000000	0
149	149	0	0	0.200000000000000	0
150	150	0	0	0.200000000000000	0
151	151	0	0	0.200000000000000	0
152	152	0	0	0.200000000000000	0
153	153	0	0	0.200000000000000	0
154	154	0	0	0.200000000000000	0
155	155	0	0	0.200000000000000	0
156	156	0	0	0.200000000000000	0
157	157	0	0	0.200000000000000	0
158	158	0	0	0.200000000000000	0
159	159	0	0	0.200000000000000	0
160	160	0	0	0.200000000000000	0
161	161	0	0	0.200000000000000	0
162	162	0	0	0.200000000000000	0
163	163	0	0	0.200000000000000	0
164	164	0	0	0.200000000000000	0
165	165	0	0	0.200000000000000	0
166	166	0	0	0.200000000000000	0
167	167	0	0	0.200000000000000	0
168	168	0	0	0.200000000000000	0
169	169	0	0	0.200000000000000	0
170	170	0	0	0.200000000000000	0
171	171	0	0	0.200000000000000	0
172	172	0	0	0.200000000000000	0
173	173	0	0	0.200000000000000	0
174	174	0	0	0.200000000000000	0
175	175	0	0	0.200000000000000	0
176	176	0	0	0.200000000000000	0
177	177	0	0	0.200000000000000	0
178	178	0	0	0.200000000000000	0
179	179	0	0	0.200000000000000	0
180	180	0	0	0.200000000000000	0
181	181	0	0	0.200000000000000	0
182	182	0	0	0.200000000000000	0
183	183	0	0	0.200000000000000	0
184	184	0	0	0.200000000000000	0
185	185	0	0	0.200000000000000	0
186	186	0	0	0.200000000000000	0
187	187	0	0	0.200000000000000	0
188	188	0	0	0.200000000000000	0
189	189	0	0	0.200000000000000	0
190	190	0	0	0.200000000000000	0
191	191	0	0	0.200000000000000	0
192	192	0	0	0.200000000000000	0
193	193	0	0	0.200000000000000	0
194	194	0	0	0.200000000000000	0
195	195	0	0	0.200000000000000	0
196	196	0	0	0.200000000000000	0
197	197	0	0	0.200000000000000	0
198	198	0	0	0.200000000000000	0
199	199	0	0	0.200000000000000	0
200	200	0	0	0.200000000000000	0
201	201	0	0	0.200000000000000	0
202	202	0	0	0.200000000000000	0
203	203	0	0	0.200000000000000	0
204	204	0	0	0.200000000000000	0
205	205	0	0	0.200000000000000	0
206	206	0	0	0.200000000000000	0
207	207	0	0	0.200000000000000	0
208	208	0	0	0.200000000000000	0
209	209	0	0	0.200000000000000	0
210	210	0	0	0.200000000000000	0
211	211	0	0	0.200000000000000	0
212	212	0	0	0.200000000000000	0
213	213	0	0	0.200000000000000	0
214	214	0	0	0.200000000000000	0
215	215	0	0	0.200000000000000	0
216	216	0	0	0.200000000000000	0
217	217	0	0	0.200000000000000	0
218	218	0	0	0.200000000000000	0
219	219	0	0	0.200000000000000	0
220	220	0	0	0.200000000000000	0
221	221	0	0	0.200000000000000	0
222	222	0	0	0.200000000000000	0
223	223	0	0	0.200000000000000	0
224	224	0	0	0.200000000000000	0
225	225	0	0	0.200000000000000	0
226	226	0	0	0.200000000000000	0
227	227	0	0	0.200000000000000	0
228	228	0	0	0.200000000000000	0
229	229	0	0	0.200000000000000	0
230	230	0	0	0.200000000000000	0
231	231	0	0	0.200000000000000	0
232	232	0	0	0.200000000000000	0
233	233	0	0	0.200000000000000	0
234	234	0	0	0.200000000000000	0
235	235	0	0	0.200000000000000	0
236	236	0	0	0.200000000000000	0
237	237	0	0	0.200000000000000	0
238	238	0	0	0.200000000000000	0
239	239	0	0	0.200000000000000	0
240	240	0	0	0.200000000000000	0
241	241	0	0	0.200000000000000	0
242	242	0	0	0.200000000000000	0
243	243	0	0	0.200000000000000	0
244	244	0	0	0.200000000000000	0
245	245	0	0	0.200000000000000	0
246	246	0	0	0.200000000000000	0
247	247	0	0	0.200000000000000	0
248	248	0	0	0.200000000000000	0
249	249	0	0	0.200000000000000	0
250	250	0	0	0.200000000000000	0
251	251	0	0	0.200000000000000	0
252	252	0	0	0.200000000000000	0
253	253	0	0	0.200000000000000	0
254	254	0	0	0.200000000000000	0
255	255	0	0	0.200000000000000	0
256	256	0	0	0.200000000000000	0
257	257	0	0	0.200000000000000	0
258	258	0	0	0.200000000000000	0
259	259	0	0	0.200000000000000	0
260	260	0	0	0.200000000000000	0
261	261	0	0	0.200000000000000	0
262	262	0	0	0.200000000000000	0
263	263	0	0	0.200000000000000	0
264	264	0	0	0.200000000000000	0
265	265	0	0	0.200000000000000	0
266	266	0	0	0.200000000000000	0
267	267	0	0	0.200000000000000	0
268	268	0	0	0.200000000000000	0
269	269	0	0	0.200000000000000	0
270	270	0	0	0.200000000000000	0
271	271	0	0	0.200000000000000	0
272	272	0	0	0.200000000000000	0
273	273	0	0	0.200000000000000	0
274	274	0	0	0.200000000000000	0
275	275	0	0	0.200000000000000	0
276	276	0	0	0.200000000000000	0
277	277	0	0	0.200000000000000	0
278	278	0	0	0.200000000000000	0
279	279	0	0	0.200000000000000	0
280	280	0	0	0.200000000000000	0
281	281	0	0	0.200000000000000	0
282	282	0	0	0.200000000000000	0
283	283	0	0	0.200000000000000	0
284	284	0	0	0.200000000000000	0
285	285	0	0	0.200000000000000	0
286	286	0	0	0.200000000000000	0
287	287	0	0	0.200000000000000	0
288	288	0	0	0.200000000000000	0
289	289	0	0	0.200000000000000	0
290	290	0	0	0.200000000000000	0
291	291	0	0	0.200000000000000	0
292	292	0	0	0.200000000000000	0
293	293	0	0	0.200000000000000	0
294	294	0	0	0.200000000000000	0
295	295	0	0	0.200000000000000	0
296	296	0	0	0.200000000000000	0
297	297	0	0	0.200000000000000	0
298	298	0	0	0.200000000000000	0
299	299	0	0	0.200000000000000	0
300	300	0	0	0.200000000000000	0
301	301	0	0	0.200000000000000	0
302	302	0	0	0.200000000000000	0
303	303	0	0	0.200000000000000	0
304	304	0	0	0.200000000000000	0
305	305	0	0	0.200000000000000	0
306	306	0	0	0.200000000000000	0
307	307	0	0	0.200000000000000	0
308	308	0	0	0.200000000000000	0
309	309	0	0	0.200000000000000	0
310	310	0	0	0.200000000000000	0
311	311	0	0	0.200000000000000	0
312	312	0	0	0.200000000000000	0
313	313	0	0	0.200000000000000	0
314	314	0	0	0.200000000000000	0
315	315	0	0	0.200000000000000	0
316	316	0	0	0.200000000000000	0
317	317	0	0	0.200000000000000	0
318	318	0	0	0.200000000000000	0
319	319	0	0	0.200000000000000	0
320	320	0	0	0.200000000000000	0
321	321	0	0	0.200000000000000	0
322	322	0	0	0.200000000000000	0
323	323	0	0	0.200000000000000	0
324	324	0	0	0.200000000000000	0
325	325	0	0	0.200000000000000	0
326	326	0	0	0.200000000000000	0
327	327	0	0	0.200000000000000	0
328	328	0	0	0.200000000000000	0
329	329	0	0	0.200000000000000	0
330	330	0	0	0.200000000000000	0
331	331	0	0	0.200000000000000	0
332	332	0	0	0.200000000000000	0
333	333	0	0	0.200000000000000	0
334	334	0	0	0.200000000000000	0
335	335	0	0	0.200000000000000	0
336	336	0	0	0.200000000000000	0
337	337	0	0	0.200000000000000	0
338	338	0	0	0.200000000000000	0
339	339	0	0	0.200000000000000	0
340	340	0	0	0.200000000000000	0
341	341	0	0	0.200000000000000	0
342	342	0	0	0.200000000000000	0
343	343	0	0	0.200000000000000	0
344	344	0	0	0.200000000000000	0
345	345	0	0	0.200000000000000	0
346	346	0	0	0.200000000000000	0
347	347	0	0	0.200000000000000	0
348	348	0	0	0.200000000000000	0
349	349	0	0	0.200000000000000	0
350	350	0	0	0.200000000000000	0
351	351	0	0	0.200000000000000	0
352	352	0	0	0.200000000000000	0
353	353	0	0	0.200000000000000	0
354	354	0	0	0.200000000000000	0
355	355	0	0	0.200000000000000	0
356	356	0	0	0.200000000000000	0
357	357	0	0	0.200000000000000	0
358	358	0	0	0.200000000000000	0
359	359	0	0	0.200000000000000	0
360	360	0	0	0.200000000000000	0
361	361	0	0	0.200000000000000	0
362	362	0	0	0.200000000000000	0
363	363	0	0	0.200000000000000	0
364	364	0	0	0.200000000000000	0
365	365	0	0	0.200000000000000	0
366	366	0	0	0.200000000000000	0
367	367	0	0	0.200000000000000	0
368	368	0	0	0.200000000000000	0
369	369	0	0	0.200000000000000	0
370	370	0	0	0.200000000000000	0
371	371	0	0	0.200000000000000	0
372	372	0	0	0.200000000000000	0
373	373	0	0	0.200000000000000	0
374	374	0	0	0.200000000000000	0
375	375	0	0	0.200000000000000	0
376	376	0	0	0.200000000000000	0
377	377	0	0	0.200000000000000	0
378	378	0	0	0.200000000000000	0
379	379	0	0	0.200000000000000	0
380	380	0	0	0.200000000000000	0
381	381	0	0	0.200000000000000	0
382	382	0	0	0.200000000000000	0
383	383	0	0	0.200000000000000	0
384	384	0	0	0.200000000000000	0
385	385	0	0	0.200000000000000	0
386	386	0	0	0.200000000000000	0
387	387	0	0	0.200000000000000	0
388	388	0	0	0.200000000000000	0
389	389	0	0	0.200000000000000	0
390	390	0	0	0.200000000000000	0
391	391	0	0	0.200000000000000	0
392	392	0	0	0.200000000000000	0
393	393	0	0	0.200000000000000	0
394	394	0	0	0.200000000000000	0
395	395	0	0	0.200000000000000	0
396	396	0	0	0.200000000000000	0
397	397	0	0	0.200000000000000	0
398	398	0	0	0.200000000000000	0
399	399	0	0	0.200000000000000	0
400	400	0	0	0.200000000000000	0
401	401	0	0	0.200000000000000	0
402	402	0	0	0.200000000000000	0
403	403	0	0	0.200000000000000	0
404	404	0	0	0.200000000000000	0
405	405	0	0	0.200000000000000	0
406	406	0	0	0.200000000000000	0
407	407	0	0	0.200000000000000	0
408	408	0	0	0.200000000000000	0
409	409	0	0	0.200000000000000	0
410	410	0	0	0.200000000000000	0
411	411	0	0	0.200000000000000	0
412	412	0	0	0.200000000000000	0
413	413	0	0	0.200000000000000	0
414	414	0	0	0.200000000000000	0
415	415	0	0	0.200000000000000	0
416	416	0	0	0.200000000000000	0
417	417	0	0	0.200000000000000	0
418	418	0	0	0.200000000000000	0
419	419	0	0	0.200000000000000	0
420	420	0	0	0.200000000000000	0
421	421	0	0	0.200000000000000	0
422	422	0	0	0.200000000000000	0
423	423	0	0	0.200000000000000	0
424	424	0	0	0.200000000000000	0
425	425	0	0	0.200000000000000	0
426	426	0	0	0.200000000000000	0
427	427	0	0	0.200000000000000	0
428	428	0	0	0.200000000000000	0
429	429	0	0	0.200000000000000	0
430	430	0	0	0.200000000000000	0
431	431	0	0	0.200000000000000	0
432	432	0	0	0.200000000000000	0
433	433	0	0	0.200000000000000	0
434	434	0	0	0.200000000000000	0
435	435	0	0	0.200000000000000	0
436	436	0	0	0.200000000000000	0
437	437	0	0	0.200000000000000	0
438	438	0	0	0.200000000000000	0
439	439	0	0	0.200000000000000	0
440	440	0	0	0.200000000000000	0
441	441	0	0	0.200000000000000	0
0	0	0	0	0		0
 	       !N   ELE1  ELE2  ELE3    KN
1	1	22	23	0
2	1	23	2	0
3	2	23	24	0
4	2	24	3	0
5	3	24	25	0
6	3	25	4	0
7	4	25	26	0
8	4	26	5	0
9	5	26	27	0
10	5	27	6	0
11	6	27	28	0
12	6	28	7	0
13	7	28	29	0
14	7	29	8	0
15	8	29	30	0
16	8	30	9	0
17	9	30	31	0
18	9	31	10	0
19	10	31	32	0
20	10	32	11	0
21	11	32	33	0
22	11	33	12	0
23	12	33	34	0
24	12	34	13	0
25	13	34	35	0
26	13	35	14	0
27	14	35	36	0
28	14	36	15	0
29	15	36	37	0
30	15	37	16	0
31	16	37	38	0
32	16	38	17	0
33	17	38	39	0
34	17	39	18	0
35	18	39	40	0
36	18	40	19	0
37	19	40	41	0
38	19	41	20	0
39	20	41	42	0
40	20	42	21	0
41	22	43	44	0
42	22	44	23	0
43	23	44	45	0
44	23	45	24	0
45	24	45	46	0
46	24	46	25	0
47	25	46	47	0
48	25	47	26	0
49	26	47	48	0
50	26	48	27	0
51	27	48	49	0
52	27	49	28	0
53	28	49	50	0
54	28	50	29	0
55	29	50	51	0
56	29	51	30	0
57	30	51	52	0
58	30	52	31	0
59	31	52	53	0
60	31	53	32	0
61	32	53	54	0
62	32	54	33	0
63	33	54	55	0
64	33	55	34	0
65	34	55	56	0
66	34	56	35	0
67	35	56	57	0
68	35	57	36	0
69	36	57	58	0
70	36	58	37	0
71	37	58	59	0
72	37	59	38	0
73	38	59	60	0
74	38	60	39	0
75	39	60	61	0
76	39	61	40	0
77	40	61	62	0
78	40	62	41	0
79	41	62	63	0
80	41	63	42	0
81	43	64	65	0
82	43	65	44	0
83	44	65	66	0
84	44	66	45	0
85	45	66	67	0
86	45	67	46	0
87	46	67	68	0
88	46	68	47	0
89	47	68	69	0
90	47	69	48	0
91	48	69	70	0
92	48	70	49	0
93	49	70	71	0
94	49	71	50	0
95	50	71	72	0
96	50	72	51	0
97	51	72	73	0
98	51	73	52	0
99	52	73	74	0
100	52	74	53	0
101	53	74	75	0
102	53	75	54	0
103	54	75	76	0
104	54	76	55	0
105	55	76	77	0
106	55	77	56	0
107	56	77	78	0
108	56	78	57	0
109	57	78	79	0
110	57	79	58	0
111	58	79	80	0
112	58	80	59	0
113	59	80	81	0
114	59	81	60	0
115	60	81	82	0
116	60	82	61	0
117	61	82	83	0
118	61	83	62	0
119	62	83	84	0
120	62	84	63	0
121	64	85	86	0
122	64	86	65	0
123	65	86	87	0
124	65	87	66	0
125	66	87	88	0
126	66	88	67	0
127	67	88	89	0
128	67	89	68	0
129	68	89	90	0
130	68	90	69	0
131	69	90	91	0
132	69	91	70	0
133	70	91	92	0
134	70	92	71	0
135	71	92	93	0
136	71	93	72	0
137	72	93	94	0
138	72	94	73	0
139	73	94	95	0
140	73	95	74	0
141	74	95	96	0
142	74	96	75	0
143	75	96	97	0
144	75	97	76	0
145	76	97	98	0
146	76	98	77	0
147	77	98	99	0
148	77	99	78	0
149	78	99	100	0
150	78	100	79	0
151	79	100	101	0
152	79	101	80	0
153	80	101	102	0
154	80	102	81	0
155	81	102	103	0
156	81	103	82	0
157	82	103	104	0
158	82	104	83	0
159	83	104	105	0
160	83	105	84	0
161	85	106	107	0
162	85	107	86	0
163	86	107	108	0
164	86	108	87	0
165	87	108	109	0
166	87	109	88	0
167	88	109	110	0
168	88	110	89	0
169	89	110	111	0
170	89	111	90	0
171	90	111	112	0
172	90	112	91	0
173	91	112	113	0
174	91	113	92	0
175	92	113	114	0
176	92	114	93	0
177	93	114	115	0
178	93	115	94	0
179	94	115	116	0
180	94	116	95	0
181	95	116	117	0
182	95	117	96	0
183	96	117	118	0
184	96	118	97	0
185	97	118	119	0
186	97	119	98	0
187	98	119	120	0
188	98	120	99	0
189	99	120	121	0
190	99	121	100	0
191	100	121	122	0
192	100	122	101	0
193	101	122	123	0
194	101	123	102	0
195	102	123	124	0
196	102	124	103	0
197	103	124	125	0
198	103	125	104	0
199	104	125	126	0
200	104	126	105	0
201	106	127	128	0
202	106	128	107	0
203	107	128	129	0
204	107	129	108	0
205	108	129	130	0
206	108	130	109	0
207	109	130	131	0
208	109	131	110	0
209	110	131	132	0
210	110	132	111	0
211	111	132	133	0
212	111	133	112	0
213	112	133	134	0
214	112	134	113	0
215	113	134	135	0
216	113	135	114	0
217	114	135	136	0
218	114	136	115	0
219	115	136	137	0
220	115	137	116	0
221	116	137	138	0
222	116	138	117	0
223	117	138	139	0
224	117	139	118	0
225	118	139	140	0
226	118	140	119	0
227	119	140	141	0
228	119	141	120	0
229	120	141	142	0
230	120	142	121	0
231	121	142	143	0
232	121	143	122	0
233	122	143	144	0
234	122	144	123	0
235	123	144	145	0
236	123	145	124	0
237	124	145	146	0
238	124	146	125	0
239	125	146	147	0
240	125	147	126	0
241	127	148	149	0
242	127	149	128	0
243	128	149	150	0
244	128	150	129	0
245	129	150	151	0
246	129	151	130	0
247	130	151	152	0
248	130	152	131	0
249	131	152	153	0
250	131	153	132	0
251	132	153	154	0
252	132	154	133	0
253	133	154	155	0
254	133	155	134	0
255	134	155	156	0
256	134	156	135	0
257	135	156	157	0
258	135	157	136	0
259	136	157	158	0
260	136	158	137	0
261	137	158	159	0
262	137	159	138	0
263	138	159	160	0
264	138	160	139	0
265	139	160	161	0
266	139	161	140	0
267	140	161	162	0
268	140	162	141	0
269	141	162	163	0
270	141	163	142	0
271	142	163	164	0
272	142	164	143	0
273	143	164	165	0
274	143	165	144	0
275	144	165	166	0
276	144	166	145	0
277	145	166	167	0
278	145	167	146	0
279	146	167	168	0
280	146	168	147	0
281	148	169	170	0
282	148	170	149	0
283	149	170	171	0
284	149	171	150	0
285	150	171	172	0
286	150	172	151	0
287	151	172	173	0
288	151	173	152	0
289	152	173	174	0
290	152	174	153	0
291	153	174	175	0
292	153	175	154	0
293	154	175	176	0
294	154	176	155	0
295	155	176	177	0
296	155	177	156	0
297	156	177	178	0
298	156	178	157	0
299	157	178	179	0
300	157	179	158	0
301	158	179	180	0
302	158	180	159	0
303	159	180	181	0
304	159	181	160	0
305	160	181	182	0
306	160	182	161	0
307	161	182	183	0
308	161	183	162	0
309	162	183	184	0
310	162	184	163	0
311	163	184	185	0
312	163	185	164	0
313	164	185	186	0
314	164	186	165	0
315	165	186	187	0
316	165	187	166	0
317	166	187	188	0
318	166	188	167	0
319	167	188	189	0
320	167	189	168	0
321	169	190	191	0
322	169	191	170	0
323	170	191	192	0
324	170	192	171	0
325	171	192	193	0
326	171	193	172	0
327	172	193	194	0
328	172	194	173	0
329	173	194	195	0
330	173	195	174	0
331	174	195	196	0
332	174	196	175	0
333	175	196	197	0
334	175	197	176	0
335	176	197	198	0
336	176	198	177	0
337	177	198	199	0
338	177	199	178	0
339	178	199	200	0
340	178	200	179	0
341	179	200	201	0
342	179	201	180	0
343	180	201	202	0
344	180	202	181	0
345	181	202	203	0
346	181	203	182	0
347	182	203	204	0
348	182	204	183	0
349	183	204	205	0
350	183	205	184	0
351	184	205	206	0
352	184	206	185	0
353	185	206	207	0
354	185	207	186	0
355	186	207	208	0
356	186	208	187	0
357	187	208	209	0
358	187	209	188	0
359	188	209	210	0
360	188	210	189	0
361	190	211	212	0
362	190	212	191	0
363	191	212	213	0
364	191	213	192	0
365	192	213	214	0
366	192	214	193	0
367	193	214	215	0
368	193	215	194	0
369	194	215	216	0
370	194	216	195	0
371	195	216	217	0
372	195	217	196	0
373	196	217	218	0
374	196	218	197	0
375	197	218	219	0
376	197	219	198	0
377	198	219	220	0
378	198	220	199	0
379	199	220	221	0
380	199	221	200	0
381	200	221	222	0
382	200	222	201	0
383	201	222	223	0
384	201	223	202	0
385	202	223	224	0
386	202	224	203	0
387	203	224	225	0
388	203	225	204	0
389	204	225	226	0
390	204	226	205	0
391	205	226	227	0
392	205	227	206	0
393	206	227	228	0
394	206	228	207	0
395	207	228	229	0
396	207	229	208	0
397	208	229	230	0
398	208	230	209	0
399	209	230	231	0
400	209	231	210	0
401	211	232	233	0
402	211	233	212	0
403	212	233	234	0
404	212	234	213	0
405	213	234	235	0
406	213	235	214	0
407	214	235	236	0
408	214	236	215	0
409	215	236	237	0
410	215	237	216	0
411	216	237	238	0
412	216	238	217	0
413	217	238	239	0
414	217	239	218	0
415	218	239	240	0
416	218	240	219	0
417	219	240	241	0
418	219	241	220	0
419	220	241	242	0
420	220	242	221	0
421	221	242	243	0
422	221	243	222	0
423	222	243	244	0
424	222	244	223	0
425	223	244	245	0
426	223	245	224	0
427	224	245	246	0
428	224	246	225	0
429	225	246	247	0
430	225	247	226	0
431	226	247	248	0
432	226	248	227	0
433	227	248	249	0
434	227	249	228	0
435	228	249	250	0
436	228	250	229	0
437	229	250	251	0
438	229	251	230	0
439	230	251	252	0
440	230	252	231	0
441	232	253	254	0
442	232	254	233	0
443	233	254	255	0
444	233	255	234	0
445	234	255	256	0
446	234	256	235	0
447	235	256	257	0
448	235	257	236	0
449	236	257	258	0
450	236	258	237	0
451	237	258	259	0
452	237	259	238	0
453	238	259	260	0
454	238	260	239	0
455	239	260	261	0
456	239	261	240	0
457	240	261	262	0
458	240	262	241	0
459	241	262	263	0
460	241	263	242	0
461	242	263	264	0
462	242	264	243	0
463	243	264	265	0
464	243	265	244	0
465	244	265	266	0
466	244	266	245	0
467	245	266	267	0
468	245	267	246	0
469	246	267	268	0
470	246	268	247	0
471	247	268	269	0
472	247	269	248	0
473	248	269	270	0
474	248	270	249	0
475	249	270	271	0
476	249	271	250	0
477	250	271	272	0
478	250	272	251	0
479	251	272	273	0
480	251	273	252	0
481	253	274	275	0
482	253	275	254	0
483	254	275	276	0
484	254	276	255	0
485	255	276	277	0
486	255	277	256	0
487	256	277	278	0
488	256	278	257	0
489	257	278	279	0
490	257	279	258	0
491	258	279	280	0
492	258	280	259	0
493	259	280	281	0
494	259	281	260	0
495	260	281	282	0
496	260	282	261	0
497	261	282	283	0
498	261	283	262	0
499	262	283	284	0
500	262	284	263	0
501	263	284	285	0
502	263	285	264	0
503	264	285	286	0
504	264	286	265	0
505	265	286	287	0
506	265	287	266	0
507	266	287	288	0
508	266	288	267	0
509	267	288	289	0
510	267	289	268	0
511	268	289	290	0
512	268	290	269	0
513	269	290	291	0
514	269	291	270	0
515	270	291	292	0
516	270	292	271	0
517	271	292	293	0
518	271	293	272	0
519	272	293	294	0
520	272	294	273	0
521	274	295	296	0
522	274	296	275	0
523	275	296	297	0
524	275	297	276	0
525	276	297	298	0
526	276	298	277	0
527	277	298	299	0
528	277	299	278	0
529	278	299	300	0
530	278	300	279	0
531	279	300	301	0
532	279	301	280	0
533	280	301	302	0
534	280	302	281	0
535	281	302	303	0
536	281	303	282	0
537	282	303	304	0
538	282	304	283	0
539	283	304	305	0
540	283	305	284	0
541	284	305	306	0
542	284	306	285	0
543	285	306	307	0
544	285	307	286	0
545	286	307	308	0
546	286	308	287	0
547	287	308	309	0
548	287	309	288	0
549	288	309	310	0
550	288	310	289	0
551	289	310	311	0
552	289	311	290	0
553	290	311	312	0
554	290	312	291	0
555	291	312	313	0
556	291	313	292	0
557	292	313	314	0
558	292	314	293	0
559	293	314	315	0
560	293	315	294	0
561	295	316	317	0
562	295	317	296	0
563	296	317	318	0
564	296	318	297	0
565	297	318	319	0
566	297	319	298	0
567	298	319	320	0
568	298	320	299	0
569	299	320	321	0
570	299	321	300	0
571	300	321	322	0
572	300	322	301	0
573	301	322	323	0
574	301	323	302	0
575	302	323	324	0
576	302	324	303	0
577	303	324	325	0
578	303	325	304	0
579	304	325	326	0
580	304	326	305	0
581	305	326	327	0
582	305	327	306	0
583	306	327	328	0
584	306	328	307	0
585	307	328	329	0
586	307	329	308	0
587	308	329	330	0
588	308	330	309	0
589	309	330	331	0
590	309	331	310	0
591	310	331	332	0
592	310	332	311	0
593	311	332	333	0
594	311	333	312	0
595	312	333	334	0
596	312	334	313	0
597	313	334	335	0
598	313	335	314	0
599	314	335	336	0
600	314	336	315	0
601	316	337	338	0
602	316	338	317	0
603	317	338	339	0
604	317	339	318	0
605	318	339	340	0
606	318	340	319	0
607	319	340	341	0
608	319	341	320	0
609	320	341	342	0
610	320	342	321	0
611	321	342	343	0
612	321	343	322	0
613	322	343	344	0
614	322	344	323	0
615	323	344	345	0
616	323	345	324	0
617	324	345	346	0
618	324	346	325	0
619	325	346	347	0
620	325	347	326	0
621	326	347	348	0
622	326	348	327	0
623	327	348	349	0
624	327	349	328	0
625	328	349	350	0
626	328	350	329	0
627	329	350	351	0
628	329	351	330	0
629	330	351	352	0
630	330	352	331	0
631	331	352	353	0
632	331	353	332	0
633	332	353	354	0
634	332	354	333	0
635	333	354	355	0
636	333	355	334	0
637	334	355	356	0
638	334	356	335	0
639	335	356	357	0
640	335	357	336	0
641	337	358	359	0
642	337	359	338	0
643	338	359	360	0
644	338	360	339	0
645	339	360	361	0
646	339	361	340	0
647	340	361	362	0
648	340	362	341	0
649	341	362	363	0
650	341	363	342	0
651	342	363	364	0
652	342	364	343	0
653	343	364	365	0
654	343	365	344	0
655	344	365	366	0
656	344	366	345	0
657	345	366	367	0
658	345	367	346	0
659	346	367	368	0
660	346	368	347	0
661	347	368	369	0
662	347	369	348	0
663	348	369	370	0
664	348	370	349	0
665	349	370	371	0
666	349	371	350	0
667	350	371	372	0
668	350	372	351	0
669	351	372	373	0
670	351	373	352	0
671	352	373	374	0
672	352	374	353	0
673	353	374	375	0
674	353	375	354	0
675	354	375	376	0
676	354	376	355	0
677	355	376	377	0
678	355	377	356	0
679	356	377	378	0
680	356	378	357	0
681	358	379	380	0
682	358	380	359	0
683	359	380	381	0
684	359	381	360	0
685	360	381	382	0
686	360	382	361	0
687	361	382	383	0
688	361	383	362	0
689	362	383	384	0
690	362	384	363	0
691	363	384	385	0
692	363	385	364	0
693	364	385	386	0
694	364	386	365	0
695	365	386	387	0
696	365	387	366	0
697	366	387	388	0
698	366	388	367	0
699	367	388	389	0
700	367	389	368	0
701	368	389	390	0
702	368	390	369	0
703	369	390	391	0
704	369	391	370	0
705	370	391	392	0
706	370	392	371	0
707	371	392	393	0
708	371	393	372	0
709	372	393	394	0
710	372	394	373	0
711	373	394	395	0
712	373	395	374	0
713	374	395	396	0
714	374	396	375	0
715	375	396	397	0
716	375	397	376	0
717	376	397	398	0
718	376	398	377	0
719	377	398	399	0
720	377	399	378	0
721	379	400	401	0
722	379	401	380	0
723	380	401	402	0
724	380	402	381	0
725	381	402	403	0
726	381	403	382	0
727	382	403	404	0
728	382	404	383	0
729	383	404	405	0
730	383	405	384	0
731	384	405	406	0
732	384	406	385	0
733	385	406	407	0
734	385	407	386	0
735	386	407	408	0
736	386	408	387	0
737	387	408	409	0
738	387	409	388	0
739	388	409	410	0
740	388	410	389	0
741	389	410	411	0
742	389	411	390	0
743	390	411	412	0
744	390	412	391	0
745	391	412	413	0
746	391	413	392	0
747	392	413	414	0
748	392	414	393	0
749	393	414	415	0
750	393	415	394	0
751	394	415	416	0
752	394	416	395	0
753	395	416	417	0
754	395	417	396	0
755	396	417	418	0
756	396	418	397	0
757	397	418	419	0
758	397	419	398	0
759	398	419	420	0
760	398	420	399	0
761	400	421	422	0
762	400	422	401	0
763	401	422	423	0
764	401	423	402	0
765	402	423	424	0
766	402	424	403	0
767	403	424	425	0
768	403	425	404	0
769	404	425	426	0
770	404	426	405	0
771	405	426	427	0
772	405	427	406	0
773	406	427	428	0
774	406	428	407	0
775	407	428	429	0
776	407	429	408	0
777	408	429	430	0
778	408	430	409	0
779	409	430	431	0
780	409	431	410	0
781	410	431	432	0
782	410	432	411	0
783	411	432	433	0
784	411	433	412	0
785	412	433	434	0
786	412	434	413	0
787	413	434	435	0
788	413	435	414	0
789	414	435	436	0
790	414	436	415	0
791	415	436	437	0
792	415	437	416	0
793	416	437	438	0
794	416	438	417	0
795	417	438	439	0
796	417	439	418	0
797	418	439	440	0
798	418	440	419	0
799	419	440	441	0
800	419	441	420	0
0	0	0	0	0
 \BOUNDARY
        \FEMC_LINE
         NUMBC: 40
        \END ! N  ELE1 ELE2  IND(2,N) FLOAD(2,N) FUNC(2,N)  KN
1	2	1	1	1	0	0	1	1	0
2	3	2	1	1	0	0	1	1	0
3	4	3	1	1	0	0	1	1	0
4	5	4	1	1	0	0	1	1	0
5	6	5	1	1	0	0	1	1	0
6	7	6	1	1	0	0	1	1	0
7	8	7	1	1	0	0	1	1	0
8	9	8	1	1	0	0	1	1	0
9	10	9	1	1	0	0	1	1	0
10	11	10	1	1	0	0	1	1	0
11	12	11	1	1	0	0	1	1	0
12	13	12	1	1	0	0	1	1	0
13	14	13	1	1	0	0	1	1	0
14	15	14	1	1	0	0	1	1	0
15	16	15	1	1	0	0	1	1	0
16	17	16	1	1	0	0	1	1	0
17	18	17	1	1	0	0	1	1	0
18	19	18	1	1	0	0	1	1	0
19	20	19	1	1	0	0	1	1	0
20	21	20	1	1	0	0	1	1	0
21	42	21	2	2	0	1	1	1	0
22	63	42	2	2	0	1	1	1	0
23	84	63	2	2	0	1	1	1	0
24	105	84	2	2	0	1	1	1	0
25	126	105	2	2	0	1	1	1	0
26	147	126	2	2	0	1	1	1	0
27	168	147	2	2	0	1	1	1	0
28	189	168	2	2	0	1	1	1	0
29	210	189	2	2	0	1	1	1	0
30	231	210	2	2	0	1	1	1	0
31	252	231	2	2	0	1	1	1	0
32	273	252	2	2	0	1	1	1	0
33	294	273	2	2	0	1	1	1	0
34	315	294	2	2	0	1	1	1	0
35	336	315	2	2	0	1	1	1	0
36	357	336	2	2	0	1	1	1	0
37	378	357	2	2	0	1	1	1	0
38	399	378	2	2	0	1	1	1	0
39	420	399	2	2	0	1	1	1	0
40	441	420	2	2	0	1	1	1	0
0	0	0	0	0	0	0	0	0	0
\END{INPUT}
!-----------------
  \GENERATE
!-----------------
  \STATIC_SOLVER
!-----------------
!  \OUTPUT
!-----------------
  \END 
!-----------------
 

