!-----------------
  \START
!-----------------
  \INPUT
!-----------------      
        \GLOBAL
   	  PROJECT:  PATCH_TEST2_MFS
	  NUMNP:          25 
	  NMAT:            1
	  NBGROUP:         1
	  NEGROUP:         1
	  NITP_IN:        10
          NIDIV_IN:      100
	  DYNAMIC:         0
!
          CONTACT:         0 
          NSPAIR:          0
	\END
	\NODE  !N  ID(3,N)   X    Y    Z   NDOF(3,N)  KN
		1   0 0 1    0    0    0   2  3  0    0
                2   0 0 1    1    0    0   3  3  0    0
		3   0 0 1    2    0    0   3  3  0    0
		4   0 0 1    3    0    0   3  3  0    0
		5   0 0 1    4    0    0   3  3  0    0
		6   0 0 1    0    1    0   2  3  0    0
		7   0 0 1    1    1    0   3  3  0    0
		8   0 0 1  1.5  1.5    0   3  3  0    0
		9   0 0 1    3    1    0   3  3  0    0
	       10   0 0 1    4    1    0   3  3  0    0
	       11   1 0 1    0    2    0   0  1  0    0
	       12   0 0 1    1    2    0   3  3  0    0
	       13   0 0 1    2    2    0   3  3  0    0
	       14   0 0 1  2.5  2.5    0   3  3  0    0
	       15   0 0 1    4    2    0   3  3  0    0
	       16   1 0 1    0    3    0   0  1  0    0
	       17   0 0 1    1    3    0   1  1  0    0
	       18   0 0 1    2    3    0   3  3  0    0
	       19   0 0 1    3    3    0   3  3  0    0
	       20   0 0 1    4    3    0   3  3  0    0
	       21   1 1 1    0    4    0   0  0  0    0
	       22   0 0 1    1    4    0   1  1  0    0
	       23   0 0 1    2    4    0   1  1  0    0
	       24   0 0 1    3    4    0   3  3  0    0
	       25   0 0 1    4    4    0   3  3  0    0
		0   0 0 0    0    0    0   0  0  0    0 
 	\MATERIAL !SET    E    PR   DENSITY  THIC
	            1   100   0.3     1560    1
		    0     0     0        0    0
	\ELEMENT
	\QUADS_MFS
	 ITYPE: 1  MTYPE: 1  NUMELE: 25  ELEASS: 20
	\END    !N  NODE  IND(2,N) RAD(2,N) RADIUS  KN 
		 1   1     1    2   0   0     1  1  1   0
		 2   2     2    2   0   0     1  1  1   0
		 3   3     2    2   0   0     1  1  1   0
		 4   4     2    2   0   0     1  1  1   0
		 5   5     2    2   0   0     1  1  1   0
		 6   6     1    2   0   0     1  1  3   0
		 7   7     0    0   0   0     1  1  3   0
		 8   8     0    0   0   0     1  1  1   0
		 9   9     0    0   0   0     1  1  1   0
		 10   10     2    2   0   0     1  1  1   0
		 11   11     1    2   0   0     1  1  4   0
		 12   12     0    0   0   0     1  1  3   0
		 13   13     0    0   0   0     1  1  3   0
		 14   14     0    0   0   0     1  1  1   0
		 15   15     2    2   0   0     1  1  1   0
		 16   16     1    2   0   0     1  1  4   0
		 17   17     0    0   0   0     1  1  4   0
		 18   18     0    0   0   0     1  1  3   0
		 19   19     0    0   0   0     1  1  3   0
		 20   20     2    2   0   0     1  1  1   0
		 21   21     1    1   0   0     1  1  4   0
		 22   22     2    2   0   0     1  1  4   0
		 23   23     2    2   0   0     1  1  4   0
		 24   24     2    2   0   0     1  1  3   0
		 25   25     2    2   0   0     1  1  1   0
	 	 0   0     0    0   0   0     0  0  0   0
        \BOUNDARY
        \LINE 
         NUMBC: 16
        \END ! N  ELE1 ELE2  IND(2,N) FLOAD(2,N) FUNC(2,N)  KN
 	       1   1    2     2  2    0   -0.2   1   1       0
 	       2   2    3     2  2    0   -0.2      1   1    0
 	       3   3    4     2  2    0   -0.2      1   1    0
 	       4   4    5     2  2    0   -0.2      1   1    0
 	       5   5   10     2  2    0   -0.2      1   1    0
 	       6  10   15     2  2    0   -0.2      1   1    0
 	       7  15   20     2  2    0   -0.2      1   1    0
 	       8  20   25     2  2    0   -0.2      1   1    0
 	       9  25   24     2  2    0  -0.2      1   1    0
 	      10  24   23     2  2    0  -0.2      1   1    0
 	      11  23   22     2  2    0  -0.2      1   1    0
 	      12  22   21     2  2    0  -0.2      1   1    0
 	      13  21   16     2  2    0   -0.2      1   1    0
 	      14  16   11     2  2    0   -0.2      1   1    0
 	      15  11    6     2  2    0   -0.2      1   1    0
 	      16   6    1     2  2    0   -0.2      1   1    0
               0   0    0     0  0     0    0      0   0     0	  
\END{INPUT}
!-----------------
  \GENERATE
!-----------------
  \STATIC_SOLVER
!-----------------
  \END 
!-----------------
 

